332.0,717.0,1103.0,
420.0,436.0,453.0,469.0,485.0,502.0,534.0,551.0,567.0,583.0,599.0,616.0,632.0,648.0,665.0,681.0,697.0,714.0,730.0,
nan,699.5571878142098,702.0637610006752,703.6748903508771,nan,706.4825155561317,696.3715455971001,695.1551384305097,nan,729.733553786084,723.1100853359866,703.125195028084,|nan,696.4076337472741,699.019575193692,700.4132643188855,nan,703.420809567021,693.3187367627892,691.7172625595892,nan,726.7493693515837,719.9961708824429,700.112685059982,|nan,694.4975646700879,697.3139183575377,698.3572733918129,nan,702.0750151240169,691.3314673957315,689.4986775760909,nan,724.6488494779328,718.1481492997092,698.0245085292282,|
nan,699.8032801869915,701.6651617628546,702.0347437220503,nan,706.9807222798376,695.6713276922451,693.4495989182252,nan,730.9140672984119,723.9404178784632,702.5965107308785,|nan,696.678627858085,698.5566770808299,698.7867700808393,nan,703.9329195834414,692.6566038408276,690.0142647598093,nan,727.9435926120909,720.8070684409919,699.5911842972055,|nan,694.7353390527677,696.9054886073632,696.641140995872,nan,702.4819376026272,690.7310122393287,687.7936033186652,nan,725.8129770992366,718.8952505548752,697.4807984016365,|
nan,706.8038678001071,708.0075645735343,707.8464751031992,nan,713.8419378186846,701.5771653022157,699.5780505133847,nan,739.1592359831535,731.7079107990204,709.9383971291866,|nan,704.5522257479009,705.8708185990089,705.532093868249,nan,711.7543211476968,699.5176589483546,697.0982237807114,nan,737.1550408002106,729.5133002640441,707.7747490638652,|nan,701.7203092150795,703.1798503107083,702.3814768231854,nan,709.3345810647307,696.542949657869,693.9370966263293,nan,734.1068208739142,726.6705356459513,704.8135899902919,|
nan,727.2553505438685,726.7763987594557,725.265958247334,nan,735.5731030161611,720.9265411168133,717.4371378804547,nan,762.2531367903835,753.9064796035512,729.7429161465918,|nan,724.2837910186599,723.6955745528204,721.9412732198142,nan,732.5085450695705,717.8342064801238,713.890607810781,nan,759.1594443713258,750.6691436744221,726.6589652243256,|nan,722.3171282694141,721.9355180187913,719.8402079033368,nan,730.9175957134215,715.9136602924406,711.6894343601027,nan,757.1236180573835,748.7835484272157,724.566309548575,|
nan,770.573562633029,768.415948547167,763.6577012383901,nan,781.4885489586034,763.7267152370479,756.1097611844518,nan,809.873102570852,801.2665123220572,771.9617159871021,|nan,767.0895391807368,765.2238358453211,760.1272144822841,nan,778.1767511451042,760.4162670047247,752.459965163183,nan,806.5434269983328,797.7782795040563,768.5489065425421,|nan,763.985649181912,762.2666941325917,756.7909141726866,nan,775.4440951516723,757.2583572621375,749.068193069307,nan,803.3483153461437,794.6959642392469,765.3725751508217,|
nan,820.6310442537966,819.9209725226308,813.983697755418,nan,834.1467569786536,814.7704871293581,805.39400440044,nan,863.8467414670528,856.6220510293892,823.689272588586,|nan,819.1548687011139,818.3631510282555,812.1113368593051,nan,832.5558940454584,813.212497963506,803.3178767876788,nan,862.28584276564,854.8927990586254,822.0301990153249,|nan,814.854167482796,814.264325196553,807.6546643876849,nan,828.677993475067,808.8000544762137,798.7318596442977,nan,857.7475048258314,850.496457886882,817.5841957908606,|
nan,844.6225826249331,845.351724059006,839.5489819831441,nan,859.0232963875205,839.0752433610296,829.6553607444077,nan,888.6931484162499,882.7076979373948,848.5739156438527,|nan,840.877228033063,841.567571897781,835.6592331011352,nan,855.2801616109239,835.432632779407,825.6231687752108,nan,885.0716306922875,878.8020123794581,844.8976535954511,|nan,838.6442590198614,839.3961559149014,833.0651391038872,nan,853.2689050211736,832.8808320096123,822.8247158049138,nan,882.3795351846977,876.2228135045156,842.2324019658831,|
nan,868.2871469424531,868.0546915233289,861.2491507567939,nan,882.4411189611961,860.9326302337895,850.4850064173083,nan,911.839744011582,904.993496957753,869.4579346092504,|nan,864.2128465285123,864.0869010425607,857.1160936962505,nan,878.6858849710483,857.1463195462692,846.2558374587459,nan,908.0918059577082,900.9859176488596,865.604502548367,|nan,861.9378174743083,861.8418134377039,854.3171009631923,nan,876.6869598565379,854.5420968760183,843.3720297029703,nan,905.3438788716329,898.427041079902,862.915784706331,|
nan,908.0071558219402,906.7361726233391,899.3843416752666,nan,920.9984065767868,898.0687189434669,887.4259350935093,nan,949.841882732298,942.2299981823052,906.3268345641773,|nan,904.8162207336023,903.5889724310777,896.1439789731683,nan,918.1005152968628,895.0732017758228,884.0397277227722,nan,946.9297896376239,939.1659770587785,903.2548041918036,|nan,901.2869118972069,900.2276982410364,892.2798471362229,nan,914.8704844006568,891.2931074861518,879.9763063806381,nan,943.0679729314732,935.5305396640134,899.4959932563622,|
nan,946.6910591399956,943.2300328446687,934.8784722222222,nan,958.8266463572725,933.0450879765395,921.8929019985331,nan,987.3558557076424,978.6280852977193,941.6350504472645,|nan,940.756127498988,937.3292592211121,928.8084204076367,nan,953.2025916083312,927.2076205604432,915.565131096443,nan,981.7286402123366,972.767837325884,935.7494712571944,|nan,937.4912315065094,934.4486959407651,925.2674578603371,nan,950.3333657419411,923.9208007494298,911.9936422808947,nan,978.4362003158726,969.4869532565438,932.3051236044657,|
nan,1001.8655280030295,994.5840915073071,982.9187897746818,nan,1014.9239802091436,983.4040938620071,969.4136574074074,nan,1044.5784910502764,1033.179016627124,992.1205468587476,|nan,996.3661743774566,989.0972122086037,977.1960784313726,nan,1009.6143915824043,978.0252117953731,963.5575449211588,nan,1039.3040657629201,1027.6587230215828,986.52398412038,|nan,993.5655580365888,986.4514196450029,974.1491228070175,nan,1007.2165003024803,975.0396378095471,960.3263132563256,nan,1036.2824427480916,1024.72863491122,983.4481962069204,|
nan,1093.2219088285606,1082.5123939986954,1068.1327721878224,nan,1108.0801464869069,1070.2199057103292,1053.3852929042905,nan,1139.7396738176712,1126.610515842645,1080.4335105921919,|nan,1088.6583225604263,1077.9608381684804,1063.1925900842793,nan,1103.599629461585,1065.4567906891496,1048.3270947928127,nan,1135.3449262963939,1121.854895339048,1075.6527915019763,|nan,1086.6721379976757,1075.9539373548025,1060.815139103887,nan,1101.9100445078213,1063.2746517595308,1045.746798221489,nan,1132.9954044924102,1119.79560022195,1073.3003692531724,|
nan,1208.2438463848735,1194.339970931896,1178.4705559855522,nan,1223.848959683692,1179.5887936827958,1160.8891066189951,nan,1258.266890409757,1244.052524204041,1192.7296564038554,|nan,1206.0094148679177,1192.304099289319,1175.8557200292398,nan,1221.8496456658888,1177.3538051889866,1158.1706843601028,nan,1255.9252763885233,1241.6060385733965,1190.3320569828722,|nan,1200.9988508899073,1187.3148853869834,1170.733101135191,nan,1216.917460677556,1172.0992918092213,1152.4526265126512,nan,1250.2692868737388,1236.4067163822133,1184.7555409645656,|
nan,1310.0008357164309,1293.9356324601458,1277.7902154282765,nan,1326.5878867427189,1276.9299878828608,1257.4109965163184,nan,1363.213937878389,1348.8410999923465,1293.4755521461757,|nan,1304.7897650853345,1288.5718748927113,1272.2717685758514,nan,1321.155701754386,1271.3398653877484,1251.315355702237,nan,1357.7060520312364,1343.1852087478953,1287.919774114139,|nan,1301.3151826170983,1285.0187626600748,1268.3415785173718,nan,1317.848986690865,1267.5734410638645,1247.0601783094976,nan,1353.402770465912,1339.2650964334914,1283.683337233895,|
nan,1391.2899805434768,1373.768193314336,1358.6785399466805,nan,1409.333565595022,1355.9578012992831,1336.8147529336268,nan,1449.417681188032,1435.616452051125,1377.66534914361,|nan,1385.3789974014442,1367.9915599501035,1352.6285313467492,nan,1403.6634744188057,1349.9434211062235,1330.396410891089,nan,1443.0811836448188,1429.3596356956987,1371.6408861209347,|nan,1381.3824577897913,1363.9499376294618,1348.263673890609,nan,1399.8372277676951,1345.7853866283806,1325.5933397506417,nan,1438.6546733789594,1425.093309926527,1366.9070734519105,|
nan,1449.8155155978636,1430.1657969123723,1414.8493507051944,nan,1470.1933659579984,1412.6375906239819,1393.2163710121013,nan,1513.696137141353,1499.6899778049901,1439.1029379897373,|nan,1442.1959232707852,1422.8633055240841,1407.5456226350188,nan,1463.2658856192204,1405.35611151841,1385.3099995416208,nan,1506.368726419233,1492.099932553957,1431.6527524963594,|nan,1439.097204267377,1419.5783179409711,1403.6954011867906,nan,1460.1064784806845,1401.9565768572825,1381.375495049505,nan,1502.6309061595157,1488.6372311725088,1427.9076563691838,|
nan,1498.9294733680679,1474.752154358499,1456.3973705710355,nan,1521.5507896897416,1456.9715221774193,1434.1297579757975,nan,1566.672764762657,1549.409196578907,1484.111631908328,|nan,1492.68365521474,1468.2096165070209,1449.796944874441,nan,1515.1843887736584,1450.6363661819812,1427.3935185185185,nan,1559.9321861016058,1542.8485836330935,1477.460814523958,|nan,1488.2238805970148,1464.3177292546434,1445.453039000688,nan,1511.3123541612651,1446.4653846937113,1422.6889943160984,nan,1555.554751250329,1538.6082150237257,1472.9064558629775,|
nan,1569.9161802535878,1540.6260285416738,1519.5110186618508,nan,1592.4751912107856,1521.1137076409254,1495.120054088742,nan,1638.0845726945688,1618.0843219041788,1548.185779418903,|nan,1563.12221046996,1533.0674345681555,1512.1968524251806,nan,1585.7666688272404,1514.2239812438904,1487.9082485331867,nan,1630.4324493287706,1610.7873871115873,1541.2585140593578,|nan,1558.5519776445856,1529.4484441697853,1507.7449582903337,nan,1581.5901067323482,1509.9467151352233,1483.0483681701503,nan,1625.7155227252786,1606.364653489974,1536.3450653560778,|
nan,1666.166607905355,1634.7043693709159,1615.076399638803,nan,1686.7154146141215,1612.0054450757575,1587.6496905940594,nan,1731.1833541721505,1712.860236013317,1644.2161647943972,|nan,1659.6860840156176,1628.0863402799237,1607.7445014189886,nan,1680.5796711606604,1605.3144423061258,1580.588886596993,nan,1723.8553566728087,1705.873242097811,1637.4429586193746,|nan,1654.0721197163787,1622.8532976276308,1602.4940015479876,nan,1675.2559361766484,1600.213597670251,1575.006586908691,nan,1717.689841624989,1700.426125057401,1631.8260154462243,|
nan,1750.6792285292697,1721.6525274373148,1705.4493141554867,nan,1767.9085699161697,1694.6768644102312,1676.4483704620461,nan,1809.4084463016584,1796.8591238711158,1734.5862609215726,|nan,1742.481607709484,1713.2056167816802,1697.2424481854146,nan,1760.3651261775128,1686.6544731590095,1667.8730289695636,nan,1800.3804619636746,1788.7652925531916,1726.826453175924,|nan,1737.1591386897533,1708.6885020771106,1691.6897467320262,nan,1754.9479409731225,1681.5073950187357,1662.3360377704437,nan,1794.6806286742126,1783.2039190456146,1721.0232971881285,|
