9.2056716E-06,9.2059918E-06,9.2059163E-06,9.2065366E-06,9.2085793E-06,9.2101618E-06,9.2101463E-06,9.2103492E-06,9.2125338E-06,9.2151777E-06,9.2160089E-06,9.2161326E-06,9.2150949E-06,9.2144364E-06,9.2150049E-06,9.2154869E-06,9.2166920E-06,9.2163891E-06,9.2153532E-06,9.2144010E-06,9.2135215E-06,9.2146747E-06,9.2155687E-06,9.2148921E-06,9.2142573E-06,9.2142282E-06,9.2138362E-06,9.2126902E-06,9.2120345E-06,9.2126984E-06,9.2130749E-06,9.2130567E-06,9.2147393E-06,9.2159071E-06,9.2170221E-06,9.2175196E-06
9.2182954E-06,9.2156242E-06,9.2100927E-06,9.2091423E-06,9.2094187E-06,9.2089858E-06,9.2082564E-06,9.2079535E-06,9.2087957E-06,9.2103664E-06,9.2122855E-06,9.2118162E-06,9.2117716E-06,9.2126811E-06,9.2129103E-06,9.2127320E-06,9.2115506E-06,9.2120736E-06,9.2118589E-06,9.2101463E-06,9.2107675E-06,9.2120645E-06,9.2106429E-06,9.2093251E-06,9.2108912E-06,9.2111641E-06,9.2109030E-06,9.2103373E-06,9.2107539E-06,9.2125101E-06,9.2107493E-06,9.2100754E-06,9.2095543E-06,9.2091559E-06,9.2106256E-06,9.2122082E-06
9.2110085E-06,9.2068876E-06,9.2049076E-06,9.2056225E-06,9.2059963E-06,9.2057144E-06,9.2042337E-06,9.2041328E-06,9.2044638E-06,9.2034761E-06,9.2041409E-06,9.2055307E-06,9.2055261E-06,9.2036307E-06,9.2013161E-06,9.1997490E-06,9.1998663E-06,9.1999063E-06,9.1983938E-06,9.1966212E-06,9.1971315E-06,9.1989486E-06,9.1994234E-06,9.1994352E-06,9.1991051E-06,9.1979846E-06,9.1978491E-06,9.1975417E-06,9.1972970E-06,9.1970724E-06,9.1948787E-06,9.1933880E-06,9.1939146E-06,9.1938909E-06,9.1946849E-06,9.1959873E-06
9.1962620E-06,9.1951124E-06,9.1926668E-06,9.1905767E-06,9.1895708E-06,9.1892771E-06,9.1884431E-06,9.1869033E-06,9.1864449E-06,9.1868469E-06,9.1852735E-06,9.1846023E-06,9.1858437E-06,9.1864404E-06,9.1870979E-06,9.1885213E-06,9.1884976E-06,9.1859856E-06,9.1856691E-06,9.1862748E-06,9.1861193E-06,9.1866786E-06,9.1871361E-06,9.1874681E-06,9.1874035E-06,9.1878992E-06,9.1880074E-06,9.1880329E-06,9.1874808E-06,9.1853499E-06,9.1843531E-06,9.1835091E-06,9.1826951E-06,9.1821021E-06,9.1819947E-06,9.1836828E-06
9.1828006E-06,9.1802622E-06,9.1774400E-06,9.1748971E-06,9.1742659E-06,9.1747970E-06,9.1733218E-06,9.1717902E-06,9.1711336E-06,9.1698012E-06,9.1679758E-06,9.1671682E-06,9.1670290E-06,9.1665906E-06,9.1660358E-06,9.1639431E-06,9.1624379E-06,9.1617858E-06,9.1595139E-06,9.1567581E-06,9.1569846E-06,9.1576430E-06,9.1567499E-06,9.1568445E-06,9.1577676E-06,9.1575484E-06,9.1557304E-06,9.1524680E-06,9.1499423E-06,9.1483880E-06,9.1460288E-06,9.1434776E-06,9.1412512E-06,9.1398151E-06,9.1392112E-06,9.1387483E-06
9.1384227E-06,9.1360816E-06,9.1329002E-06,9.1307620E-06,9.1289758E-06,9.1280281E-06,9.1264455E-06,9.1239854E-06,9.1222719E-06,9.1216270E-06,9.1207194E-06,9.1194843E-06,9.1185229E-06,9.1176544E-06,9.1165357E-06,9.1148395E-06,9.1121374E-06,9.1111651E-06,9.1116262E-06,9.1109887E-06,9.1098482E-06,9.1095198E-06,9.1096299E-06,9.1091833E-06,9.1084703E-06,9.1068377E-06,9.1047177E-06,9.1043266E-06,9.1040201E-06,9.1023676E-06,9.1026986E-06,9.1030397E-06,9.1014972E-06,9.1004613E-06,9.1002275E-06,9.1001084E-06
9.1016463E-06,9.1000584E-06,9.0968861E-06,9.0960730E-06,9.0956773E-06,9.0960812E-06,9.0951216E-06,9.0947369E-06,9.0964122E-06,9.0978656E-06,9.0983030E-06,9.0980911E-06,9.0987505E-06,9.0999802E-06,9.0991707E-06,9.0974354E-06,9.0973699E-06,9.0971453E-06,9.0979820E-06,9.0999692E-06,9.1002194E-06,9.1012898E-06,9.1021411E-06,9.1020756E-06,9.1028205E-06,9.1025877E-06,9.1041556E-06,9.1063803E-06,9.1067668E-06,9.1076890E-06,9.1078300E-06,9.1068759E-06,9.1070342E-06,9.1078264E-06,9.1083029E-06,9.1101301E-06
9.1113852E-06,9.1096872E-06,9.1079455E-06,9.1074089E-06,9.1080728E-06,9.1087977E-06,9.1092734E-06,9.1096090E-06,9.1094835E-06,9.1112706E-06,9.1126776E-06,9.1130687E-06,9.1143293E-06,9.1126558E-06,9.1100410E-06,9.1097272E-06,9.1094307E-06,9.1095335E-06,9.1095862E-06,9.1100428E-06,9.1106813E-06,9.1104002E-06,9.1100819E-06,9.1093170E-06,9.1076354E-06,9.1070133E-06,9.1072889E-06,9.1073934E-06,9.1065094E-06,9.1062184E-06,9.1072688E-06,9.1071597E-06,9.1051679E-06,9.1048296E-06,9.1060092E-06,9.1061584E-06
9.1068650E-06,9.1046813E-06,9.1011825E-06,9.1006896E-06,9.1019656E-06,9.1021129E-06,9.1016564E-06,9.1017428E-06,9.1008032E-06,9.1000402E-06,9.1004967E-06,9.1003267E-06,9.0996291E-06,9.0982230E-06,9.0964049E-06,9.0952999E-06,9.0942603E-06,9.0930725E-06,9.0934245E-06,9.0938138E-06,9.0936555E-06,9.0924459E-06,9.0911453E-06,9.0911435E-06,9.0915882E-06,9.0929361E-06,9.0936728E-06,9.0922058E-06,9.0909389E-06,9.0905660E-06,9.0884750E-06,9.0868198E-06,9.0843587E-06,9.0794383E-06,9.0770009E-06,9.0790982E-06
9.0800358E-06,9.0780359E-06,9.0763424E-06,9.0757630E-06,9.0769035E-06,9.0776839E-06,9.0763224E-06,9.0760441E-06,9.0764779E-06,9.0762287E-06,9.0761614E-06,9.0754320E-06,9.0738185E-06,9.0735739E-06,9.0741087E-06,9.0724134E-06,9.0713129E-06,9.0725216E-06,9.0715312E-06,9.0697295E-06,9.0711792E-06,9.0735157E-06,9.0724152E-06,9.0715430E-06,9.0721660E-06,9.0719750E-06,9.0720887E-06,9.0717667E-06,9.0710964E-06,9.0703215E-06,9.0688873E-06,9.0678186E-06,9.0668245E-06,9.0647572E-06,9.0631101E-06,9.0627409E-06
9.0642197E-06,9.0642288E-06,9.0623653E-06,9.0613803E-06,9.0611211E-06,9.0595704E-06,9.0595804E-06,9.0604999E-06,9.0604562E-06,9.0633821E-06,9.0648600E-06,9.0633475E-06,9.0634230E-06,9.0648473E-06,9.0653275E-06,9.0665726E-06,9.0683507E-06,9.0684844E-06,9.0687627E-06,9.0696185E-06,9.0703616E-06,9.0708354E-06,9.0718468E-06,9.0738340E-06,9.0746480E-06,9.0747198E-06,9.0744807E-06,9.0744625E-06,9.0763069E-06,9.0777758E-06,9.0788053E-06,9.0792109E-06,9.0785916E-06,9.0784160E-06,9.0778130E-06,9.0786107E-06
9.0794829E-06,9.0784979E-06,9.0778021E-06,9.0785988E-06,9.0809908E-06,9.0825561E-06,9.0819421E-06,9.0831281E-06,9.0847461E-06,9.0855910E-06,9.0890044E-06,9.0906442E-06,9.0915710E-06,9.0936410E-06,9.0953499E-06,9.0976409E-06,9.1002093E-06,9.1017800E-06,9.1028660E-06,9.1049915E-06,9.1070051E-06,9.1086176E-06,9.1097027E-06,9.1113216E-06,9.1149968E-06,9.1159000E-06,9.1162983E-06,9.1189177E-06,9.1208067E-06,9.1228558E-06,9.1251795E-06,9.1270003E-06,9.1277707E-06,9.1283455E-06,9.1273559E-06,9.1280644E-06
9.1306792E-06,9.1312586E-06,9.1322418E-06,9.1339180E-06,9.1369438E-06,9.1390739E-06,9.1402680E-06,9.1430047E-06,9.1444735E-06,9.1453276E-06,9.1477332E-06,9.1503343E-06,9.1515540E-06,9.1521269E-06,9.1545717E-06,9.1576221E-06,9.1594838E-06,9.1611482E-06,9.1629972E-06,9.1650390E-06,9.1668890E-06,9.1689380E-06,9.1706925E-06,9.1716110E-06,9.1733000E-06,9.1754864E-06,9.1767415E-06,9.1785178E-06,9.1803577E-06,9.1820966E-06,9.1841084E-06,9.1856000E-06,9.1869588E-06,9.1877546E-06,9.1867450E-06,9.1870734E-06
9.1888251E-06,9.1873735E-06,9.1858265E-06,9.1883221E-06,9.1925922E-06,9.1941620E-06,9.1937709E-06,9.1968041E-06,9.1991815E-06,9.1988613E-06,9.1999163E-06,9.2029577E-06,9.2057216E-06,9.2049231E-06,9.2058299E-06,9.2100163E-06,9.2129958E-06,9.2151904E-06,9.2171540E-06,9.2173914E-06,9.2175396E-06,9.2181335E-06,9.2186456E-06,9.2195314E-06,9.2199070E-06,9.2201235E-06,9.2208820E-06,9.2226110E-06,9.2240361E-06,9.2261362E-06,9.2286791E-06,9.2288064E-06,9.2282607E-06,9.2292585E-06,9.2297896E-06,9.2290465E-06
9.2280125E-06,9.2286082E-06,9.2312448E-06,9.2324599E-06,9.2317232E-06,9.2307873E-06,9.2313094E-06,9.2327118E-06,9.2326982E-06,9.2319778E-06,9.2322971E-06,9.2349692E-06,9.2363725E-06,9.2377595E-06,9.2400724E-06,9.2407108E-06,9.2403852E-06,9.2408600E-06,9.2425453E-06,9.2426835E-06,9.2436430E-06,9.2452028E-06,9.2451764E-06,9.2446971E-06,9.2446171E-06,9.2446498E-06,9.2445180E-06,9.2445725E-06,9.2450200E-06,9.2463570E-06,9.2471173E-06,9.2472328E-06,9.2455948E-06,9.2443388E-06,9.2450837E-06,9.2443024E-06
9.2424843E-06,9.2408200E-06,9.2399459E-06,9.2414439E-06,9.2426217E-06,9.2422288E-06,9.2417258E-06,9.2395085E-06,9.2378941E-06,9.2376404E-06,9.2373548E-06,9.2380942E-06,9.2395649E-06,9.2409336E-06,9.2410210E-06,9.2403961E-06,9.2410264E-06,9.2413684E-06,9.2410119E-06,9.2405535E-06,9.2405335E-06,9.2413020E-06,9.2402788E-06,9.2405389E-06,9.2414029E-06,9.2412720E-06,9.2422733E-06,9.2412874E-06,9.2406035E-06,9.2407708E-06,9.2414357E-06,9.2421078E-06,9.2415466E-06,9.2416376E-06,9.2422169E-06,9.2420132E-06
9.2406908E-06,9.2402788E-06,9.2399860E-06,9.2386854E-06,9.2361015E-06,9.2350756E-06,9.2358232E-06,9.2349937E-06,9.2336395E-06,9.2327464E-06,9.2337214E-06,9.2339696E-06,9.2334867E-06,9.2345454E-06,9.2345572E-06,9.2353621E-06,9.2358632E-06,9.2350583E-06,9.2352011E-06,9.2357859E-06,9.2375694E-06,9.2381688E-06,9.2376631E-06,9.2371074E-06,9.2370328E-06,9.2380405E-06,9.2371301E-06,9.2366299E-06,9.2375358E-06,9.2377040E-06,9.2374657E-06,9.2377722E-06,9.2399086E-06,9.2409982E-06,9.2388163E-06,9.2362670E-06
9.2345381E-06,9.2321334E-06,9.2309974E-06,9.2320906E-06,9.2317014E-06,9.2314731E-06,9.2313839E-06,9.2320770E-06,9.2350274E-06,9.2346672E-06,9.2325072E-06,9.2319442E-06,9.2335613E-06,9.2352275E-06,9.2354448E-06,9.2355194E-06,9.2363871E-06,9.2368955E-06,9.2368145E-06,9.2364062E-06,9.2365799E-06,9.2363671E-06,9.2360369E-06,9.2364644E-06,9.2356904E-06,9.2357486E-06,9.2359587E-06,9.2354157E-06,9.2345726E-06,9.2342925E-06,9.2345308E-06,9.2338942E-06,9.2336377E-06,9.2350847E-06,9.2361197E-06,9.2348473E-06
9.2317987E-06,9.2302462E-06,9.2291457E-06,9.2282780E-06,9.2293503E-06,9.2286173E-06,9.2282289E-06,9.2297032E-06,9.2305117E-06,9.2315013E-06,9.2316404E-06,9.2316295E-06,9.2329019E-06,9.2337832E-06,9.2348364E-06,9.2350783E-06,9.2349355E-06,9.2350492E-06,9.2343589E-06,9.2337923E-06,9.2337241E-06,9.2337241E-06,9.2339696E-06,9.2341688E-06,9.2340242E-06,9.2346991E-06,9.2357168E-06,9.2347245E-06,9.2337214E-06,9.2339314E-06,9.2343471E-06,9.2344799E-06,9.2335194E-06,9.2354230E-06,9.2361770E-06,9.2335049E-06
9.2313658E-06,9.2310674E-06,9.2297732E-06,9.2280770E-06,9.2280707E-06,9.2273776E-06,9.2273131E-06,9.2272685E-06,9.2273467E-06,9.2276487E-06,9.2275022E-06,9.2285973E-06,9.2301107E-06,9.2301389E-06,9.2299169E-06,9.2299615E-06,9.2297332E-06,9.2325772E-06,9.2330774E-06,9.2316295E-06,9.2320615E-06,9.2317659E-06,9.2323235E-06,9.2321443E-06,9.2309556E-06,9.2309792E-06,9.2307009E-06,9.2303735E-06,9.2314231E-06,9.2330838E-06,9.2350356E-06,9.2337423E-06,9.2320533E-06,9.2328346E-06,9.2336095E-06,9.2331356E-06
9.2316804E-06,9.2291657E-06,9.2290074E-06,9.2292767E-06,9.2286800E-06,9.2295668E-06,9.2290766E-06,9.2284399E-06,9.2280425E-06,9.2275823E-06,9.2284135E-06,9.2309829E-06,9.2319733E-06,9.2308828E-06,9.2316313E-06,9.2324599E-06,9.2320315E-06,9.2312575E-06,9.2304808E-06,9.2301580E-06,9.2302416E-06,9.2300243E-06,9.2290729E-06,9.2297560E-06,9.2313303E-06,9.2320743E-06,9.2337623E-06,9.2351374E-06,9.2342116E-06,9.2334867E-06,9.2335449E-06,9.2340297E-06,9.2349337E-06,9.2351611E-06,9.2344790E-06,9.2345272E-06
9.2345217E-06,9.2318460E-06,9.2300452E-06,9.2304745E-06,9.2289920E-06,9.2294576E-06,9.2314303E-06,9.2303562E-06,9.2310183E-06,9.2308255E-06,9.2306473E-06,9.2320206E-06,9.2324280E-06,9.2329565E-06,9.2330420E-06,9.2331766E-06,9.2339760E-06,9.2337732E-06,9.2333976E-06,9.2333530E-06,9.2334176E-06,9.2334640E-06,9.2329164E-06,9.2327345E-06,9.2323889E-06,9.2324635E-06,9.2330902E-06,9.2338587E-06,9.2340015E-06,9.2332921E-06,9.2326409E-06,9.2335103E-06,9.2349874E-06,9.2343525E-06,9.2332111E-06,9.2333348E-06
9.2321961E-06,9.2295231E-06,9.2287746E-06,9.2287391E-06,9.2285045E-06,9.2280652E-06,9.2281434E-06,9.2285290E-06,9.2278569E-06,9.2290984E-06,9.2308664E-06,9.2317641E-06,9.2324599E-06,9.2318069E-06,9.2307400E-06,9.2321025E-06,9.2336540E-06,9.2326991E-06,9.2333703E-06,9.2342925E-06,9.2323689E-06,9.2315140E-06,9.2325035E-06,9.2333030E-06,9.2327054E-06,9.2327973E-06,9.2338669E-06,9.2343553E-06,9.2336013E-06,9.2330038E-06,9.2327737E-06,9.2320270E-06,9.2324917E-06,9.2339651E-06,9.2349210E-06,9.2347072E-06
9.2339460E-06,9.2311138E-06,9.2282189E-06,9.2285818E-06,9.2295568E-06,9.2293512E-06,9.2285863E-06,9.2285554E-06,9.2285672E-06,9.2286709E-06,9.2289856E-06,9.2296441E-06,9.2302371E-06,9.2301452E-06,9.2297150E-06,9.2285463E-06,9.2283171E-06,9.2278924E-06,9.2293803E-06,9.2317214E-06,9.2315413E-06,9.2312448E-06,9.2315167E-06,9.2312894E-06,9.2310738E-06,9.2309001E-06,9.2312603E-06,9.2317459E-06,9.2308219E-06,9.2305945E-06,9.2304244E-06,9.2304735E-06,9.2309910E-06,9.2305354E-06,9.2312284E-06,9.2314740E-06
9.2302453E-06,9.2285099E-06,9.2264599E-06,9.2245236E-06,9.2233949E-06,9.2233931E-06,9.2234250E-06,9.2236587E-06,9.2238015E-06,9.2236951E-06,9.2241089E-06,9.2242863E-06,9.2233731E-06,9.2239552E-06,9.2246310E-06,9.2247810E-06,9.2250266E-06,9.2255032E-06,9.2268392E-06,9.2257178E-06,9.2242353E-06,9.2256541E-06,9.2259843E-06,9.2247146E-06,9.2235105E-06,9.2235650E-06,9.2238997E-06,9.2228747E-06,9.2233731E-06,9.2236914E-06,9.2228593E-06,9.2228856E-06,9.2234231E-06,9.2231494E-06,9.2216424E-06,9.2206365E-06
9.2205400E-06,9.2187574E-06,9.2169012E-06,9.2160908E-06,9.2154123E-06,9.2156988E-06,9.2159325E-06,9.2158016E-06,9.2145356E-06,9.2145356E-06,9.2159844E-06,9.2156988E-06,9.2156497E-06,9.2155878E-06,9.2153969E-06,9.2157661E-06,9.2156006E-06,9.2153259E-06,9.2150440E-06,9.2152841E-06,9.2158016E-06,9.2150658E-06,9.2137297E-06,9.2137243E-06,9.2130713E-06,9.2124555E-06,9.2123282E-06,9.2116816E-06,9.2114978E-06,9.2120244E-06,9.2117161E-06,9.2105811E-06,9.2102564E-06,9.2099362E-06,9.2097134E-06,9.2096143E-06
9.2081218E-06,9.2043792E-06,9.2019572E-06,9.2007704E-06,9.1995589E-06,9.1993997E-06,9.1996399E-06,9.1989050E-06,9.1979227E-06,9.1992870E-06,9.2012333E-06,9.2019227E-06,9.2002647E-06,9.1991087E-06,9.1992169E-06,9.1991060E-06,9.1999227E-06,9.1991051E-06,9.1974934E-06,9.1970851E-06,9.1963975E-06,9.1956363E-06,9.1971970E-06,9.1984921E-06,9.1978991E-06,9.1979382E-06,9.1976508E-06,9.1963684E-06,9.1966713E-06,9.1966203E-06,9.1956144E-06,9.1957509E-06,9.1952224E-06,9.1934962E-06,9.1921802E-06,9.1921411E-06
9.1918646E-06,9.1892298E-06,9.1863658E-06,9.1854199E-06,9.1843249E-06,9.1834809E-06,9.1821375E-06,9.1809052E-06,9.1818056E-06,9.1827896E-06,9.1832426E-06,9.1831416E-06,9.1831607E-06,9.1835709E-06,9.1832035E-06,9.1831707E-06,9.1830670E-06,9.1825523E-06,9.1833554E-06,9.1845595E-06,9.1843221E-06,9.1836127E-06,9.1832935E-06,9.1837201E-06,9.1841748E-06,9.1841284E-06,9.1839865E-06,9.1843731E-06,9.1852944E-06,9.1858683E-06,9.1860820E-06,9.1869888E-06,9.1882803E-06,9.1884340E-06,9.1874954E-06,9.1869124E-06
9.1853080E-06,9.1826214E-06,9.1823504E-06,9.1837373E-06,9.1845168E-06,9.1841048E-06,9.1831935E-06,9.1826023E-06,9.1832971E-06,9.1840829E-06,9.1850898E-06,9.1868787E-06,9.1873571E-06,9.1880802E-06,9.1884940E-06,9.1876764E-06,9.1885740E-06,9.1903785E-06,9.1910088E-06,9.1915381E-06,9.1922639E-06,9.1916190E-06,9.1910833E-06,9.1922175E-06,9.1936199E-06,9.1947404E-06,9.1955353E-06,9.1956272E-06,9.1956681E-06,9.1969696E-06,9.1970269E-06,9.1973316E-06,9.1971933E-06,9.1954862E-06,9.1953907E-06,9.1950615E-06
9.1934780E-06,9.1908068E-06,9.1895899E-06,9.1894590E-06,9.1885931E-06,9.1878319E-06,9.1868733E-06,9.1861930E-06,9.1867578E-06,9.1872225E-06,9.1874117E-06,9.1886950E-06,9.1897473E-06,9.1903685E-06,9.1913334E-06,9.1909778E-06,9.1896773E-06,9.1881347E-06,9.1882812E-06,9.1901966E-06,9.1903166E-06,9.1897609E-06,9.1898964E-06,9.1896018E-06,9.1894763E-06,9.1892680E-06,9.1896945E-06,9.1906022E-06,9.1901602E-06,9.1900629E-06,9.1904330E-06,9.1913862E-06,9.1920883E-06,9.1917018E-06,9.1906995E-06,9.1898910E-06
9.1883603E-06,9.1869679E-06,9.1871725E-06,9.1878655E-06,9.1879392E-06,9.1874035E-06,9.1877700E-06,9.1891379E-06,9.1902257E-06,9.1906995E-06,9.1933307E-06,9.1952279E-06,9.1957781E-06,9.1976344E-06,9.1988913E-06,9.1995880E-06,9.2003311E-06,9.2016889E-06,9.2036398E-06,9.2050332E-06,9.2057398E-06,9.2062946E-06,9.2075925E-06,9.2087539E-06,9.2095606E-06,9.2111350E-06,9.2123173E-06,9.2138462E-06,9.2143246E-06,9.2150149E-06,9.2162863E-06,9.2164364E-06,9.2184673E-06,9.2186374E-06,9.2170685E-06,9.2185955E-06
9.2201417E-06,9.2189739E-06,9.2188047E-06,9.2203718E-06,9.2219680E-06,9.2226019E-06,9.2214450E-06,9.2213331E-06,9.2218133E-06,9.2226246E-06,9.2249311E-06,9.2262280E-06,9.2271230E-06,9.2273904E-06,9.2287910E-06,9.2308010E-06,9.2294695E-06,9.2291357E-06,9.2303990E-06,9.2317050E-06,9.2339842E-06,9.2346891E-06,9.2345836E-06,9.2342734E-06,9.2337887E-06,9.2350874E-06,9.2365135E-06,9.2377040E-06,9.2379150E-06,9.2366790E-06,9.2363989E-06,9.2357468E-06,9.2343380E-06,9.2345954E-06,9.2345399E-06,9.2338842E-06
9.2327891E-06,9.2315822E-06,9.2308301E-06,9.2301698E-06,9.2299824E-06,9.2299488E-06,9.2300816E-06,9.2315231E-06,9.2337259E-06,9.2343616E-06,9.2337623E-06,9.2334494E-06,9.2341124E-06,9.2349837E-06,9.2353212E-06,9.2332593E-06,9.2324053E-06,9.2341934E-06,9.2354658E-06,9.2352056E-06,9.2345663E-06,9.2353775E-06,9.2366281E-06,9.2357986E-06,9.2357795E-06,9.2376058E-06,9.2381806E-06,9.2377650E-06,9.2364780E-06,9.2363116E-06,9.2370710E-06,9.2374903E-06,9.2376622E-06,9.2379678E-06,9.2380524E-06,9.2375722E-06
9.2363534E-06,9.2349683E-06,9.2344217E-06,9.2336486E-06,9.2335458E-06,9.2345235E-06,9.2335722E-06,9.2322780E-06,9.2330129E-06,9.2344899E-06,9.2340897E-06,9.2328346E-06,9.2320743E-06,9.2324899E-06,9.2329137E-06,9.2323225E-06,9.2322780E-06,9.2331847E-06,9.2350583E-06,9.2359414E-06,9.2367054E-06,9.2373593E-06,9.2370601E-06,9.2365108E-06,9.2356249E-06,9.2355731E-06,9.2370346E-06,9.2386290E-06,9.2385471E-06,9.2385953E-06,9.2383643E-06,9.2376658E-06,9.2384698E-06,9.2396349E-06,9.2403234E-06,9.2387854E-06
9.2337559E-06,9.2311320E-06,9.2332220E-06,9.2316995E-06,9.2305318E-06,9.2340115E-06,9.2344198E-06,9.2323780E-06,9.2328555E-06,9.2349346E-06,9.2359569E-06,9.2359587E-06,9.2361024E-06,9.2363380E-06,9.2373893E-06,9.2390292E-06,9.2414484E-06,9.2427845E-06,9.2419832E-06,9.2426217E-06,9.2430428E-06,9.2429182E-06,9.2439704E-06,9.2434730E-06,9.2416412E-06,9.2426308E-06,9.2443024E-06,9.2444370E-06,9.2456430E-06,9.2455511E-06,9.2453074E-06,9.2449600E-06,9.2452265E-06,9.2463269E-06,9.2465461E-06,9.2459149E-06
9.2439177E-06,9.2413156E-06,9.2399005E-06,9.2393620E-06,9.2398104E-06,9.2402133E-06,9.2398386E-06,9.2400332E-06,9.2411556E-06,9.2427208E-06,9.2423552E-06,9.2419705E-06,9.2432101E-06,9.2447108E-06,9.2458331E-06,9.2442806E-06,9.2433565E-06,9.2452828E-06,9.2453274E-06,9.2436467E-06,9.2435739E-06,9.2444634E-06,9.2444397E-06,9.2450427E-06,9.2453074E-06,9.2449463E-06,9.2452765E-06,9.2462524E-06,9.2476521E-06,9.2489772E-06,9.2509354E-06,9.2508462E-06,9.2502105E-06,9.2515247E-06,9.2499758E-06,9.2472846E-06
9.2460605E-06,9.2455830E-06,9.2448990E-06,9.2447672E-06,9.2431728E-06,9.2404834E-06,9.2401378E-06,9.2408700E-06,9.2414457E-06,9.2428245E-06,9.2433738E-06,9.2445571E-06,9.2452356E-06,9.2436694E-06,9.2447563E-06,9.2466807E-06,9.2466898E-06,9.2449172E-06,9.2444843E-06,9.2456703E-06,9.2464952E-06,9.2477485E-06,9.2479504E-06,9.2477139E-06,9.2474565E-06,9.2472237E-06,9.2460132E-06,9.2455157E-06,9.2476903E-06,9.2475366E-06,9.2473019E-06,9.2477367E-06,9.2471346E-06,9.2470746E-06,9.2466489E-06,9.2460150E-06
9.2444188E-06,9.2429318E-06,9.2436176E-06,9.2434384E-06,9.2413738E-06,9.2409073E-06,9.2413402E-06,9.2416967E-06,9.2421569E-06,9.2430127E-06,9.2437158E-06,9.2436931E-06,9.2434066E-06,9.2442724E-06,9.2455248E-06,9.2462224E-06,9.2462214E-06,9.2458913E-06,9.2460878E-06,9.2452365E-06,9.2455057E-06,9.2454475E-06,9.2457085E-06,9.2462742E-06,9.2465289E-06,9.2471591E-06,9.2470127E-06,9.2474474E-06,9.2471873E-06,9.2460168E-06,9.2457749E-06,9.2458122E-06,9.2460850E-06,9.2460496E-06,9.2440614E-06,9.2421023E-06
9.2431919E-06,9.2441105E-06,9.2440005E-06,9.2431419E-06,9.2416049E-06,9.2420132E-06,9.2411974E-06,9.2411265E-06,9.2422442E-06,9.2428982E-06,9.2445844E-06,9.2455793E-06,9.2456266E-06,9.2463797E-06,9.2471009E-06,9.2458440E-06,9.2455566E-06,9.2457030E-06,9.2446180E-06,9.2441514E-06,9.2444734E-06,9.2445889E-06,9.2447481E-06,9.2455866E-06,9.2457421E-06,9.2458822E-06,9.2457913E-06,9.2458422E-06,9.2464497E-06,9.2465661E-06,9.2469527E-06,9.2474029E-06,9.2472064E-06,9.2477348E-06,9.2476757E-06,9.2455630E-06
9.2430873E-06,9.2422124E-06,9.2424525E-06,9.2417513E-06,9.2417185E-06,9.2422688E-06,9.2407145E-06,9.2403061E-06,9.2417795E-06,9.2429464E-06,9.2441214E-06,9.2449281E-06,9.2450537E-06,9.2456312E-06,9.2476521E-06,9.2481223E-06,9.2465198E-06,9.2460368E-06,9.2470682E-06,9.2484142E-06,9.2493055E-06,9.2486798E-06,9.2468854E-06,9.2468135E-06,9.2464143E-06,9.2468008E-06,9.2483979E-06,9.2486634E-06,9.2482196E-06,9.2486607E-06,9.2495238E-06,9.2495657E-06,9.2501377E-06,9.2495793E-06,9.2474420E-06,9.2459604E-06
9.2456585E-06,9.2456976E-06,9.2442979E-06,9.2439877E-06,9.2438686E-06,9.2428809E-06,9.2432565E-06,9.2443615E-06,9.2449227E-06,9.2446289E-06,9.2453456E-06,9.2455966E-06,9.2449400E-06,9.2444779E-06,9.2460268E-06,9.2478867E-06,9.2479422E-06,9.2490090E-06,9.2487262E-06,9.2473638E-06,9.2473110E-06,9.2464870E-06,9.2473274E-06,9.2481814E-06,9.2467553E-06,9.2472155E-06,9.2493901E-06,9.2506334E-06,9.2500468E-06,9.2493719E-06,9.2504561E-06,9.2505961E-06,9.2495975E-06,9.2493137E-06,9.2489608E-06,9.2480941E-06
9.2478722E-06,9.2469609E-06,9.2454629E-06,9.2448108E-06,9.2454893E-06,9.2450600E-06,9.2443151E-06,9.2454484E-06,9.2465561E-06,9.2471673E-06,9.2476375E-06,9.2473956E-06,9.2469600E-06,9.2474011E-06,9.2475502E-06,9.2474447E-06,9.2474675E-06,9.2485534E-06,9.2494656E-06,9.2490245E-06,9.2488117E-06,9.2481259E-06,9.2484615E-06,9.2499213E-06,9.2506680E-06,9.2516193E-06,9.2527234E-06,9.2520622E-06,9.2506862E-06,9.2506216E-06,9.2509135E-06,9.2520859E-06,9.2524378E-06,9.2513546E-06,9.2504233E-06,9.2485161E-06
9.2472546E-06,9.2478285E-06,9.2470600E-06,9.2456175E-06,9.2449245E-06,9.2457021E-06,9.2466080E-06,9.2469927E-06,9.2484006E-06,9.2484906E-06,9.2493465E-06,9.2508853E-06,9.2504324E-06,9.2504551E-06,9.2501314E-06,9.2486834E-06,9.2490754E-06,9.2493465E-06,9.2487189E-06,9.2489045E-06,9.2492710E-06,9.2501205E-06,9.2510727E-06,9.2511309E-06,9.2520795E-06,9.2534883E-06,9.2543050E-06,9.2544997E-06,9.2548007E-06,9.2560704E-06,9.2552300E-06,9.2546170E-06,9.2561268E-06,9.2559121E-06,9.2524024E-06,9.2501714E-06
9.2514083E-06,9.2511018E-06,9.2487407E-06,9.2475757E-06,9.2465316E-06,9.2466671E-06,9.2483724E-06,9.2486171E-06,9.2478276E-06,9.2469345E-06,9.2468445E-06,9.2474147E-06,9.2483542E-06,9.2479986E-06,9.2476839E-06,9.2497657E-06,9.2497403E-06,9.2488826E-06,9.2492582E-06,9.2491937E-06,9.2498813E-06,9.2513401E-06,9.2514474E-06,9.2501632E-06,9.2496548E-06,9.2500459E-06,9.2515656E-06,9.2523887E-06,9.2504906E-06,9.2501350E-06,9.2521059E-06,9.2527234E-06,9.2536393E-06,9.2542987E-06,9.2525433E-06,9.2511809E-06
9.2499604E-06,9.2469045E-06,9.2446480E-06,9.2457440E-06,9.2460032E-06,9.2450036E-06,9.2443579E-06,9.2455539E-06,9.2472765E-06,9.2460177E-06,9.2453156E-06,9.2454657E-06,9.2458022E-06,9.2465934E-06,9.2471264E-06,9.2468172E-06,9.2458686E-06,9.2454229E-06,9.2458940E-06,9.2458504E-06,9.2441087E-06,9.2449363E-06,9.2460423E-06,9.2458295E-06,9.2462969E-06,9.2457521E-06,9.2465343E-06,9.2462733E-06,9.2464224E-06,9.2465461E-06,9.2455830E-06,9.2448863E-06,9.2441523E-06,9.2432047E-06,9.2411028E-06,9.2394912E-06
9.2396413E-06,9.2385962E-06,9.2370174E-06,9.2371165E-06,9.2375103E-06,9.2371538E-06,9.2358214E-06,9.2375430E-06,9.2387017E-06,9.2385380E-06,9.2378095E-06,9.2363898E-06,9.2372120E-06,9.2377222E-06,9.2374412E-06,9.2381351E-06,9.2386854E-06,9.2384362E-06,9.2383798E-06,9.2393484E-06,9.2385972E-06,9.2362588E-06,9.2372593E-06,9.2391810E-06,9.2396058E-06,9.2382806E-06,9.2363671E-06,9.2354621E-06,9.2362034E-06,9.2367509E-06,9.2358850E-06,9.2364216E-06,9.2363634E-06,9.2341861E-06,9.2317750E-06,9.2302589E-06
9.2293903E-06,9.2277114E-06,9.2260207E-06,9.2247783E-06,9.2254813E-06,9.2249056E-06,9.2227046E-06,9.2241544E-06,9.2250812E-06,9.2248738E-06,9.2247010E-06,9.2247728E-06,9.2255304E-06,9.2247747E-06,9.2250520E-06,9.2257915E-06,9.2254786E-06,9.2243681E-06,9.2232549E-06,9.2236869E-06,9.2238934E-06,9.2251294E-06,9.2249002E-06,9.2239534E-06,9.2246082E-06,9.2240771E-06,9.2226637E-06,9.2213904E-06,9.2217706E-06,9.2233186E-06,9.2238324E-06,9.2232194E-06,9.2220343E-06,9.2197488E-06,9.2184237E-06,9.2166420E-06
9.2143127E-06,9.2144519E-06,9.2130222E-06,9.2116907E-06,9.2117989E-06,9.2108239E-06,9.2105174E-06,9.2114624E-06,9.2131695E-06,9.2132877E-06,9.2133405E-06,9.2136379E-06,9.2129694E-06,9.2137498E-06,9.2146583E-06,9.2147311E-06,9.2150358E-06,9.2143282E-06,9.2133869E-06,9.2136897E-06,9.2141809E-06,9.2140972E-06,9.2152131E-06,9.2166047E-06,9.2171758E-06,9.2185228E-06,9.2186892E-06,9.2186810E-06,9.2195451E-06,9.2199380E-06,9.2212385E-06,9.2207128E-06,9.2196569E-06,9.2196351E-06,9.2177306E-06,9.2171267E-06
9.2180917E-06,9.2175196E-06,9.2158198E-06,9.2142691E-06,9.2142845E-06,9.2148493E-06,9.2146984E-06,9.2156442E-06,9.2176406E-06,9.2185492E-06,9.2181353E-06,9.2191285E-06,9.2204145E-06,9.2203827E-06,9.2207674E-06,9.2208238E-06,9.2200116E-06,9.2193677E-06,9.2185901E-06,9.2184291E-06,9.2185701E-06,9.2182045E-06,9.2178752E-06,9.2167247E-06,9.2163791E-06,9.2165028E-06,9.2153659E-06,9.2154842E-06,9.2163691E-06,9.2151959E-06,9.2141172E-06,9.2134405E-06,9.2118043E-06,9.2103264E-06,9.2088176E-06,9.2074006E-06
9.2065766E-06,9.2061136E-06,9.2043929E-06,9.2028786E-06,9.2027449E-06,9.2024875E-06,9.2022146E-06,9.2023311E-06,9.2029331E-06,9.2019682E-06,9.1997708E-06,9.1986631E-06,9.1988813E-06,9.1990387E-06,9.1978445E-06,9.1973152E-06,9.1967295E-06,9.1949569E-06,9.1943593E-06,9.1936854E-06,9.1921474E-06,9.1904349E-06,9.1893353E-06,9.1898746E-06,9.1902830E-06,9.1890133E-06,9.1878892E-06,9.1864513E-06,9.1849433E-06,9.1846723E-06,9.1833490E-06,9.1815227E-06,9.1789152E-06,9.1760594E-06,9.1729253E-06,9.1708853E-06
9.1710281E-06,9.1703905E-06,9.1670299E-06,9.1627762E-06,9.1593138E-06,9.1577840E-06,9.1588427E-06,9.1582551E-06,9.1557922E-06,9.1550337E-06,9.1544371E-06,9.1528236E-06,9.1514294E-06,9.1496304E-06,9.1477605E-06,9.1457387E-06,9.1435077E-06,9.1402426E-06,9.1364764E-06,9.1339943E-06,9.1328711E-06,9.1298498E-06,9.1252386E-06,9.1228921E-06,9.1202937E-06,9.1177208E-06,9.1158818E-06,9.1127640E-06,9.1101938E-06,9.1073753E-06,9.1031698E-06,9.0998719E-06,9.0962976E-06,9.0920339E-06,9.0884769E-06,9.0862459E-06
9.0831900E-06,9.0785643E-06,9.0746234E-06,9.0710728E-06,9.0674521E-06,9.0654812E-06,9.0650683E-06,9.0643971E-06,9.0632484E-06,9.0611702E-06,9.0586882E-06,9.0554276E-06,9.0530093E-06,9.0505919E-06,9.0488256E-06,9.0474268E-06,9.0453177E-06,9.0429876E-06,9.0409512E-06,9.0399244E-06,9.0392305E-06,9.0386156E-06,9.0390822E-06,9.0381545E-06,9.0364692E-06,9.0367303E-06,9.0373642E-06,9.0373005E-06,9.0356707E-06,9.0335488E-06,9.0312087E-06,9.0307103E-06,9.0296307E-06,9.0273870E-06,9.0260546E-06,9.0251460E-06
9.0248186E-06,9.0227804E-06,9.0195035E-06,9.0192243E-06,9.0194280E-06,9.0189842E-06,9.0199010E-06,9.0209260E-06,9.0223384E-06,9.0222456E-06,9.0216981E-06,9.0213443E-06,9.0211570E-06,9.0228932E-06,9.0229632E-06,9.0228514E-06,9.0235126E-06,9.0231560E-06,9.0235826E-06,9.0237954E-06,9.0227450E-06,9.0217245E-06,9.0223302E-06,9.0239546E-06,9.0245858E-06,9.0238082E-06,9.0236463E-06,9.0235862E-06,9.0234516E-06,9.0240292E-06,9.0242393E-06,9.0237727E-06,9.0234516E-06,9.0218627E-06,9.0208241E-06,9.0215481E-06
9.0215435E-06,9.0217218E-06,9.0186804E-06,9.0160765E-06,9.0164140E-06,9.0164485E-06,9.0173953E-06,9.0180447E-06,9.0187113E-06,9.0202793E-06,9.0193025E-06,9.0177318E-06,9.0188259E-06,9.0194308E-06,9.0193243E-06,9.0188760E-06,9.0175308E-06,9.0176545E-06,9.0192407E-06,9.0198328E-06,9.0194635E-06,9.0183303E-06,9.0189242E-06,9.0194926E-06,9.0196017E-06,9.0206959E-06,9.0217591E-06,9.0226922E-06,9.0217291E-06,9.0190078E-06,9.0154472E-06,9.0132444E-06,9.0129233E-06,9.0123349E-06,9.0106387E-06,9.0103131E-06
9.0108961E-06,9.0121284E-06,9.0104831E-06,9.0054136E-06,9.0048115E-06,9.0065168E-06,9.0071362E-06,9.0073072E-06,9.0072363E-06,9.0064395E-06,9.0054937E-06,9.0050535E-06,9.0041585E-06,9.0042913E-06,9.0048488E-06,9.0045387E-06,9.0029871E-06,9.0020840E-06,9.0012390E-06,9.0007916E-06,9.0021076E-06,9.0011626E-06,9.0008443E-06,9.0017802E-06,9.0014810E-06,9.0033272E-06,9.0044514E-06,9.0043495E-06,9.0051490E-06,9.0068797E-06,9.0087615E-06,9.0097019E-06,9.0093763E-06,9.0100739E-06,9.0114827E-06,9.0140384E-06
9.0171097E-06,9.0191779E-06,9.0187632E-06,9.0186568E-06,9.0216827E-06,9.0219091E-06,9.0226877E-06,9.0254953E-06,9.0294989E-06,9.0324447E-06,9.0339772E-06,9.0372632E-06,9.0400235E-06,9.0427056E-06,9.0455887E-06,9.0486174E-06,9.0523672E-06,9.0556587E-06,9.0577023E-06,9.0580297E-06,9.0605381E-06,9.0651993E-06,9.0688272E-06,9.0719459E-06,9.0729063E-06,9.0750900E-06,9.0781532E-06,9.0795202E-06,9.0821732E-06,9.0844524E-06,9.0881940E-06,9.0910826E-06,9.0923704E-06,9.0941376E-06,9.0964677E-06,9.0993026E-06
9.1022603E-06,9.1030042E-06,9.1004849E-06,9.1006168E-06,9.1046604E-06,9.1058919E-06,9.1054626E-06,9.1080847E-06,9.1108104E-06,9.1118245E-06,9.1117708E-06,9.1121319E-06,9.1125785E-06,9.1126812E-06,9.1134225E-06,9.1161219E-06,9.1173415E-06,9.1165702E-06,9.1166876E-06,9.1157799E-06,9.1150659E-06,9.1159018E-06,9.1163220E-06,9.1160991E-06,9.1148340E-06,9.1125703E-06,9.1122738E-06,9.1129350E-06,9.1119455E-06,9.1110123E-06,9.1096226E-06,9.1088450E-06,9.1075544E-06,9.1046877E-06,9.1033207E-06,9.1031234E-06
9.1025004E-06,9.1000684E-06,9.0970961E-06,9.0953099E-06,9.0939129E-06,9.0931762E-06,9.0914063E-06,9.0894809E-06,9.0888898E-06,9.0883504E-06,9.0865487E-06,9.0839057E-06,9.0823078E-06,9.0801141E-06,9.0767035E-06,9.0742342E-06,9.0723242E-06,9.0698104E-06,9.0672474E-06,9.0656158E-06,9.0633375E-06,9.0607646E-06,9.0588956E-06,9.0560088E-06,9.0520134E-06,9.0489575E-06,9.0478670E-06,9.0452613E-06,9.0420908E-06,9.0398653E-06,9.0375415E-06,9.0349240E-06,9.0317817E-06,9.0292178E-06,9.0273079E-06,9.0247122E-06
9.0227168E-06,9.0196554E-06,9.0148751E-06,9.0117446E-06,9.0103458E-06,9.0095882E-06,9.0071417E-06,9.0048825E-06,9.0031817E-06,9.0010735E-06,8.9996556E-06,8.9981131E-06,8.9966861E-06,8.9947689E-06,8.9931800E-06,8.9922596E-06,8.9907935E-06,8.9885498E-06,8.9862588E-06,8.9847681E-06,8.9825025E-06,8.9809873E-06,8.9797622E-06,8.9771993E-06,8.9755185E-06,8.9730265E-06,8.9721716E-06,8.9706409E-06,8.9667319E-06,8.9650257E-06,8.9637915E-06,8.9617524E-06,8.9590794E-06,8.9570121E-06,8.9570922E-06,8.9575633E-06
8.9564291E-06,8.9548266E-06,8.9513351E-06,8.9471678E-06,8.9450223E-06,8.9447021E-06,8.9444966E-06,8.9439873E-06,8.9447894E-06,8.9437071E-06,8.9428340E-06,8.9430396E-06,8.9422847E-06,8.9414852E-06,8.9415816E-06,8.9423256E-06,8.9396144E-06,8.9365703E-06,8.9352552E-06,8.9341838E-06,8.9333262E-06,8.9322557E-06,8.9317318E-06,8.9313462E-06,8.9298874E-06,8.9289861E-06,8.9287896E-06,8.9280456E-06,8.9271525E-06,8.9260202E-06,8.9243258E-06,8.9227969E-06,8.9220648E-06,8.9203222E-06,8.9193236E-06,8.9196992E-06
8.9186715E-06,8.9158566E-06,8.9132109E-06,8.9108753E-06,8.9096466E-06,8.9101259E-06,8.9099149E-06,8.9086698E-06,8.9077766E-06,8.9065343E-06,8.9059004E-06,8.9065779E-06,8.9063087E-06,8.9055975E-06,8.9050509E-06,8.9041841E-06,8.9033365E-06,8.9025862E-06,8.9017540E-06,8.9011255E-06,8.8999450E-06,8.8993893E-06,8.8997594E-06,8.8988645E-06,8.8971810E-06,8.8957486E-06,8.8963361E-06,8.8972347E-06,8.8973311E-06,8.8979150E-06,8.8968045E-06,8.8924362E-06,8.8909537E-06,8.8934339E-06,8.8950228E-06,8.8933011E-06
8.8931483E-06,8.8944280E-06,8.8941115E-06,8.8937777E-06,8.8914385E-06,8.8904308E-06,8.8917859E-06,8.8933029E-06,8.8944453E-06,8.8967954E-06,8.8978559E-06,8.8972474E-06,8.8977858E-06,8.8993647E-06,8.9018022E-06,8.9024434E-06,8.9007726E-06,8.9018877E-06,8.9049799E-06,8.9063551E-06,8.9076775E-06,8.9099894E-06,8.9115601E-06,8.9118075E-06,8.9120731E-06,8.9119967E-06,8.9108234E-06,8.9104824E-06,8.9108325E-06,8.9106488E-06,8.9103632E-06,8.9115656E-06,8.9136229E-06,8.9157602E-06,8.9163959E-06,8.9168052E-06
8.9181894E-06,8.9193027E-06,8.9184796E-06,8.9171035E-06,8.9184341E-06,8.9177320E-06,8.9166178E-06,8.9191508E-06,8.9202213E-06,8.9207479E-06,8.9212863E-06,8.9206333E-06,8.9225286E-06,8.9246714E-06,8.9251989E-06,8.9250589E-06,8.9258337E-06,8.9265241E-06,8.9255764E-06,8.9250261E-06,8.9262085E-06,8.9273453E-06,8.9270816E-06,8.9260975E-06,8.9270752E-06,8.9269815E-06,8.9256273E-06,8.9253672E-06,8.9242103E-06,8.9234045E-06,8.9230052E-06,8.9235491E-06,8.9251534E-06,8.9255282E-06,8.9234982E-06,8.9224222E-06
8.9223931E-06,8.9208888E-06,8.9184878E-06,8.9172672E-06,8.9173709E-06,8.9169180E-06,8.9170753E-06,8.9156438E-06,8.9134828E-06,8.9132427E-06,8.9142577E-06,8.9152281E-06,8.9144969E-06,8.9134855E-06,8.9141731E-06,8.9146861E-06,8.9131081E-06,8.9108726E-06,8.9119921E-06,8.9116738E-06,8.9081550E-06,8.9077685E-06,8.9085352E-06,8.9080568E-06,8.9062269E-06,8.9044952E-06,8.9029509E-06,8.9020996E-06,8.9030045E-06,8.9028472E-06,8.9014684E-06,8.9000960E-06,8.9001442E-06,8.9018895E-06,8.9022133E-06,8.9016903E-06
