8.8834004E-06,8.8805791E-06,8.8804936E-06,8.8820689E-06,8.8824527E-06,8.8832503E-06,8.8842053E-06,8.8849383E-06,8.8860224E-06,8.8854049E-06,8.8841325E-06,8.8822817E-06,8.8830657E-06,8.8850002E-06,8.8846937E-06,8.8850602E-06,8.8851357E-06,8.8852857E-06,8.8842371E-06,8.8830693E-06,8.8821152E-06,8.8812812E-06,8.8822207E-06,8.8838387E-06,8.8859633E-06,8.8861334E-06,8.8859642E-06,8.8869474E-06,8.8871375E-06,8.8859460E-06,8.8839206E-06,8.8834167E-06,8.8839051E-06,8.8852885E-06,8.8866382E-06,8.8865581E-06
8.8872139E-06,8.8855886E-06,8.8823217E-06,8.8824445E-06,8.8829902E-06,8.8830657E-06,8.8827837E-06,8.8833385E-06,8.8845263E-06,8.8837514E-06,8.8835595E-06,8.8839652E-06,8.8843162E-06,8.8833640E-06,8.8820298E-06,8.8823472E-06,8.8827983E-06,8.8827210E-06,8.8821216E-06,8.8809193E-06,8.8805673E-06,8.8814395E-06,8.8820288E-06,8.8818288E-06,8.8817715E-06,8.8821562E-06,8.8819715E-06,8.8819543E-06,8.8836150E-06,8.8850147E-06,8.8826173E-06,8.8808592E-06,8.8816960E-06,8.8816241E-06,8.8818315E-06,8.8830047E-06
8.8840670E-06,8.8840943E-06,8.8804127E-06,8.8774514E-06,8.8792767E-06,8.8808701E-06,8.8807255E-06,8.8797215E-06,8.8795659E-06,8.8804563E-06,8.8804763E-06,8.8797024E-06,8.8780216E-06,8.8769693E-06,8.8781308E-06,8.8777588E-06,8.8767783E-06,8.8763991E-06,8.8769775E-06,8.8784063E-06,8.8787010E-06,8.8797587E-06,8.8803717E-06,8.8815532E-06,8.8819215E-06,8.8819816E-06,8.8821998E-06,8.8811075E-06,8.8799470E-06,8.8791921E-06,8.8781735E-06,8.8766510E-06,8.8773859E-06,8.8778288E-06,8.8772840E-06,8.8781953E-06
8.8798924E-06,8.8796669E-06,8.8782162E-06,8.8764937E-06,8.8748357E-06,8.8753995E-06,8.8760371E-06,8.8755496E-06,8.8756360E-06,8.8748457E-06,8.8742136E-06,8.8752386E-06,8.8748357E-06,8.8750867E-06,8.8757988E-06,8.8744646E-06,8.8733204E-06,8.8740280E-06,8.8749693E-06,8.8749339E-06,8.8755733E-06,8.8760898E-06,8.8752595E-06,8.8760680E-06,8.8770594E-06,8.8763145E-06,8.8759880E-06,8.8772504E-06,8.8782735E-06,8.8767911E-06,8.8748584E-06,8.8737597E-06,8.8722418E-06,8.8714896E-06,8.8732731E-06,8.8746656E-06
8.8751203E-06,8.8728129E-06,8.8700781E-06,8.8703882E-06,8.8699217E-06,8.8700935E-06,8.8707184E-06,8.8705055E-06,8.8714278E-06,8.8723073E-06,8.8728775E-06,8.8731731E-06,8.8732622E-06,8.8726456E-06,8.8711949E-06,8.8713423E-06,8.8712868E-06,8.8710703E-06,8.8706165E-06,8.8698362E-06,8.8706865E-06,8.8715733E-06,8.8718443E-06,8.8729866E-06,8.8742881E-06,8.8744991E-06,8.8737051E-06,8.8726201E-06,8.8723900E-06,8.8723300E-06,8.8715087E-06,8.8699535E-06,8.8689594E-06,8.8692586E-06,8.8702609E-06,8.8721863E-06
8.8735833E-06,8.8691813E-06,8.8656807E-06,8.8669794E-06,8.8679681E-06,8.8674733E-06,8.8660754E-06,8.8664083E-06,8.8680817E-06,8.8683028E-06,8.8686502E-06,8.8696952E-06,8.8693387E-06,8.8687248E-06,8.8686747E-06,8.8694660E-06,8.8682309E-06,8.8657853E-06,8.8649012E-06,8.8647957E-06,8.8656334E-06,8.8682354E-06,8.8701736E-06,8.8700062E-06,8.8705165E-06,8.8706065E-06,8.8695579E-06,8.8697006E-06,8.8697097E-06,8.8684774E-06,8.8661827E-06,8.8651022E-06,8.8650877E-06,8.8644601E-06,8.8654233E-06,8.8672805E-06
8.8693769E-06,8.8681700E-06,8.8635461E-06,8.8622446E-06,8.8634761E-06,8.8639945E-06,8.8635634E-06,8.8635925E-06,8.8633760E-06,8.8631868E-06,8.8625484E-06,8.8617926E-06,8.8634324E-06,8.8638317E-06,8.8625475E-06,8.8619199E-06,8.8617135E-06,8.8612833E-06,8.8618099E-06,8.8621718E-06,8.8624429E-06,8.8640454E-06,8.8645320E-06,8.8638253E-06,8.8638526E-06,8.8650122E-06,8.8646902E-06,8.8623547E-06,8.8626230E-06,8.8631059E-06,8.8623610E-06,8.8616334E-06,8.8602055E-06,8.8608313E-06,8.8615379E-06,8.8621064E-06
8.8642564E-06,8.8637980E-06,8.8615543E-06,8.8609977E-06,8.8608458E-06,8.8611268E-06,8.8604074E-06,8.8587740E-06,8.8590586E-06,8.8602965E-06,8.8606384E-06,8.8597017E-06,8.8599581E-06,8.8604247E-06,8.8596080E-06,8.8593169E-06,8.8592897E-06,8.8597608E-06,8.8600254E-06,8.8607494E-06,8.8621973E-06,8.8619608E-06,8.8621191E-06,8.8630095E-06,8.8627312E-06,8.8636607E-06,8.8638890E-06,8.8631941E-06,8.8630641E-06,8.8621355E-06,8.8622710E-06,8.8611905E-06,8.8587058E-06,8.8572078E-06,8.8568458E-06,8.8586803E-06
8.8616262E-06,8.8628949E-06,8.8605593E-06,8.8577344E-06,8.8566585E-06,8.8572187E-06,8.8569614E-06,8.8568659E-06,8.8573524E-06,8.8568750E-06,8.8578317E-06,8.8586585E-06,8.8581446E-06,8.8573279E-06,8.8557308E-06,8.8552524E-06,8.8561564E-06,8.8548268E-06,8.8545221E-06,8.8560428E-06,8.8569404E-06,8.8571087E-06,8.8572769E-06,8.8578690E-06,8.8579463E-06,8.8578827E-06,8.8572515E-06,8.8575862E-06,8.8571214E-06,8.8567240E-06,8.8572342E-06,8.8563247E-06,8.8547313E-06,8.8533197E-06,8.8536153E-06,8.8566021E-06
8.8576717E-06,8.8564975E-06,8.8555562E-06,8.8542092E-06,8.8537026E-06,8.8533816E-06,8.8532179E-06,8.8525621E-06,8.8522638E-06,8.8532470E-06,8.8536390E-06,8.8522802E-06,8.8506049E-06,8.8508614E-06,8.8511106E-06,8.8516554E-06,8.8528159E-06,8.8540728E-06,8.8559882E-06,8.8568267E-06,8.8554489E-06,8.8550323E-06,8.8556771E-06,8.8546749E-06,8.8544584E-06,8.8555143E-06,8.8558027E-06,8.8555662E-06,8.8550760E-06,8.8549950E-06,8.8556662E-06,8.8561228E-06,8.8551478E-06,8.8537163E-06,8.8542374E-06,8.8544048E-06
8.8550541E-06,8.8556308E-06,8.8538154E-06,8.8515535E-06,8.8501793E-06,8.8509432E-06,8.8508532E-06,8.8491697E-06,8.8488523E-06,8.8503993E-06,8.8515017E-06,8.8513152E-06,8.8511078E-06,8.8509587E-06,8.8495481E-06,8.8500374E-06,8.8510187E-06,8.8504421E-06,8.8519300E-06,8.8524448E-06,8.8531442E-06,8.8532488E-06,8.8524102E-06,8.8531606E-06,8.8527013E-06,8.8522374E-06,8.8540573E-06,8.8534780E-06,8.8521319E-06,8.8528368E-06,8.8543775E-06,8.8546894E-06,8.8536371E-06,8.8524366E-06,8.8501902E-06,8.8506495E-06
8.8522120E-06,8.8519991E-06,8.8502238E-06,8.8494571E-06,8.8497491E-06,8.8489842E-06,8.8482402E-06,8.8496263E-06,8.8512988E-06,8.8506667E-06,8.8492707E-06,8.8482075E-06,8.8488814E-06,8.8504394E-06,8.8513643E-06,8.8524976E-06,8.8536299E-06,8.8549259E-06,8.8551051E-06,8.8538682E-06,8.8543074E-06,8.8541892E-06,8.8538845E-06,8.8534471E-06,8.8531769E-06,8.8536826E-06,8.8535098E-06,8.8530642E-06,8.8539091E-06,8.8552069E-06,8.8551196E-06,8.8554989E-06,8.8540837E-06,8.8510587E-06,8.8492034E-06,8.8502438E-06
8.8500474E-06,8.8499028E-06,8.8500019E-06,8.8487668E-06,8.8479855E-06,8.8474389E-06,8.8500274E-06,8.8507686E-06,8.8495781E-06,8.8494835E-06,8.8485112E-06,8.8478200E-06,8.8481511E-06,8.8478864E-06,8.8468087E-06,8.8467268E-06,8.8478719E-06,8.8494407E-06,8.8506895E-06,8.8507850E-06,8.8504166E-06,8.8506458E-06,8.8509023E-06,8.8509605E-06,8.8511751E-06,8.8514980E-06,8.8521756E-06,8.8519337E-06,8.8519082E-06,8.8541146E-06,8.8544339E-06,8.8533197E-06,8.8520364E-06,8.8516299E-06,8.8518709E-06,8.8500574E-06
8.8493243E-06,8.8481856E-06,8.8471133E-06,8.8479337E-06,8.8484840E-06,8.8493889E-06,8.8508032E-06,8.8515635E-06,8.8508787E-06,8.8487222E-06,8.8482566E-06,8.8495453E-06,8.8500101E-06,8.8495808E-06,8.8507950E-06,8.8529359E-06,8.8528868E-06,8.8507686E-06,8.8504794E-06,8.8505712E-06,8.8499573E-06,8.8503802E-06,8.8501065E-06,8.8525276E-06,8.8535417E-06,8.8529705E-06,8.8544539E-06,8.8547440E-06,8.8543184E-06,8.8530796E-06,8.8516763E-06,8.8522393E-06,8.8523611E-06,8.8510369E-06,8.8498864E-06,8.8490151E-06
8.8485722E-06,8.8472616E-06,8.8457609E-06,8.8469951E-06,8.8486931E-06,8.8489432E-06,8.8502184E-06,8.8509996E-06,8.8500737E-06,8.8494125E-06,8.8484476E-06,8.8484830E-06,8.8493234E-06,8.8498782E-06,8.8508514E-06,8.8527258E-06,8.8542310E-06,8.8555043E-06,8.8567986E-06,8.8561965E-06,8.8558363E-06,8.8557472E-06,8.8569695E-06,8.8583220E-06,8.8571978E-06,8.8564193E-06,8.8569741E-06,8.8577890E-06,8.8567003E-06,8.8555726E-06,8.8561692E-06,8.8558090E-06,8.8560364E-06,8.8549204E-06,8.8540710E-06,8.8543802E-06
8.8533970E-06,8.8528195E-06,8.8532724E-06,8.8541374E-06,8.8541437E-06,8.8531360E-06,8.8512497E-06,8.8496981E-06,8.8498373E-06,8.8508341E-06,8.8520273E-06,8.8525830E-06,8.8531933E-06,8.8533816E-06,8.8533043E-06,8.8527422E-06,8.8520292E-06,8.8531906E-06,8.8549441E-06,8.8547849E-06,8.8545585E-06,8.8553879E-06,8.8533898E-06,8.8524648E-06,8.8530751E-06,8.8541919E-06,8.8553634E-06,8.8561001E-06,8.8576417E-06,8.8569468E-06,8.8549787E-06,8.8545639E-06,8.8555344E-06,8.8549177E-06,8.8530860E-06,8.8522765E-06
8.8522465E-06,8.8519337E-06,8.8528513E-06,8.8545676E-06,8.8547922E-06,8.8549859E-06,8.8534471E-06,8.8519546E-06,8.8525794E-06,8.8531187E-06,8.8538909E-06,8.8544166E-06,8.8548004E-06,8.8548004E-06,8.8544066E-06,8.8551105E-06,8.8558763E-06,8.8576298E-06,8.8598026E-06,8.8591150E-06,8.8579927E-06,8.8565830E-06,8.8553288E-06,8.8558272E-06,8.8560591E-06,8.8562983E-06,8.8563147E-06,8.8565912E-06,8.8563320E-06,8.8561937E-06,8.8571678E-06,8.8584047E-06,8.8581446E-06,8.8577117E-06,8.8582965E-06,8.8573879E-06
8.8553561E-06,8.8542065E-06,8.8546922E-06,8.8552806E-06,8.8541356E-06,8.8533134E-06,8.8531042E-06,8.8528513E-06,8.8524948E-06,8.8521729E-06,8.8529905E-06,8.8536017E-06,8.8548595E-06,8.8555989E-06,8.8555325E-06,8.8559245E-06,8.8559300E-06,8.8552342E-06,8.8558063E-06,8.8563866E-06,8.8560546E-06,8.8552451E-06,8.8544957E-06,8.8541683E-06,8.8542774E-06,8.8549114E-06,8.8549959E-06,8.8557217E-06,8.8562965E-06,8.8570850E-06,8.8573652E-06,8.8564484E-06,8.8558008E-06,8.8548004E-06,8.8550023E-06,8.8544421E-06
8.8530669E-06,8.8527167E-06,8.8522311E-06,8.8523639E-06,8.8517236E-06,8.8519991E-06,8.8525130E-06,8.8516390E-06,8.8498036E-06,8.8485322E-06,8.8497300E-06,8.8511288E-06,8.8518936E-06,8.8527904E-06,8.8537827E-06,8.8539782E-06,8.8533288E-06,8.8527513E-06,8.8528313E-06,8.8531542E-06,8.8532943E-06,8.8520537E-06,8.8514062E-06,8.8514089E-06,8.8509323E-06,8.8508832E-06,8.8511433E-06,8.8509041E-06,8.8500610E-06,8.8499846E-06,8.8506604E-06,8.8508978E-06,8.8516153E-06,8.8523911E-06,8.8521519E-06,8.8526076E-06
8.8519973E-06,8.8503602E-06,8.8495099E-06,8.8486067E-06,8.8484485E-06,8.8499128E-06,8.8497818E-06,8.8486067E-06,8.8483803E-06,8.8485649E-06,8.8489760E-06,8.8498818E-06,8.8516062E-06,8.8519155E-06,8.8509705E-06,8.8521347E-06,8.8516963E-06,8.8510515E-06,8.8527468E-06,8.8541656E-06,8.8537636E-06,8.8534371E-06,8.8530733E-06,8.8519655E-06,8.8524630E-06,8.8542347E-06,8.8554207E-06,8.8550296E-06,8.8552579E-06,8.8549204E-06,8.8541310E-06,8.8549268E-06,8.8548504E-06,8.8544812E-06,8.8553861E-06,8.8554143E-06
8.8551696E-06,8.8525912E-06,8.8499191E-06,8.8494171E-06,8.8500838E-06,8.8505876E-06,8.8498582E-06,8.8488523E-06,8.8477254E-06,8.8485558E-06,8.8496681E-06,8.8510487E-06,8.8534052E-06,8.8537845E-06,8.8541765E-06,8.8539155E-06,8.8539664E-06,8.8544402E-06,8.8535871E-06,8.8538791E-06,8.8538754E-06,8.8548859E-06,8.8547740E-06,8.8542938E-06,8.8561173E-06,8.8572706E-06,8.8572051E-06,8.8561910E-06,8.8565248E-06,8.8566167E-06,8.8564539E-06,8.8566821E-06,8.8566503E-06,8.8565594E-06,8.8565212E-06,8.8567103E-06
8.8573615E-06,8.8558600E-06,8.8532943E-06,8.8527640E-06,8.8525712E-06,8.8526676E-06,8.8525012E-06,8.8516572E-06,8.8515635E-06,8.8514735E-06,8.8510851E-06,8.8522047E-06,8.8536371E-06,8.8542620E-06,8.8551524E-06,8.8555171E-06,8.8551123E-06,8.8557163E-06,8.8554407E-06,8.8548249E-06,8.8546940E-06,8.8548668E-06,8.8548513E-06,8.8544475E-06,8.8550814E-06,8.8564557E-06,8.8571987E-06,8.8564320E-06,8.8560127E-06,8.8557090E-06,8.8556553E-06,8.8564238E-06,8.8578945E-06,8.8603429E-06,8.8600118E-06,8.8580009E-06
8.8569504E-06,8.8548732E-06,8.8549905E-06,8.8558154E-06,8.8550196E-06,8.8541547E-06,8.8532679E-06,8.8535653E-06,8.8541728E-06,8.8533716E-06,8.8545066E-06,8.8569532E-06,8.8577362E-06,8.8580973E-06,8.8579500E-06,8.8590496E-06,8.8595816E-06,8.8593561E-06,8.8592460E-06,8.8582665E-06,8.8574316E-06,8.8585066E-06,8.8595925E-06,8.8596489E-06,8.8596325E-06,8.8597080E-06,8.8617153E-06,8.8633078E-06,8.8637653E-06,8.8635988E-06,8.8635516E-06,8.8641227E-06,8.8630113E-06,8.8634670E-06,8.8643037E-06,8.8648167E-06
8.8645975E-06,8.8613488E-06,8.8608003E-06,8.8620918E-06,8.8616825E-06,8.8617280E-06,8.8625984E-06,8.8624465E-06,8.8615889E-06,8.8621300E-06,8.8646584E-06,8.8652314E-06,8.8642364E-06,8.8655188E-06,8.8673869E-06,8.8671522E-06,8.8657543E-06,8.8666857E-06,8.8676024E-06,8.8673742E-06,8.8683209E-06,8.8685092E-06,8.8688866E-06,8.8690622E-06,8.8672232E-06,8.8669312E-06,8.8680381E-06,8.8687620E-06,8.8687320E-06,8.8687830E-06,8.8685274E-06,8.8682946E-06,8.8698034E-06,8.8715742E-06,8.8719553E-06,8.8698716E-06
8.8682145E-06,8.8662036E-06,8.8658526E-06,8.8668294E-06,8.8663819E-06,8.8662355E-06,8.8651695E-06,8.8644401E-06,8.8651795E-06,8.8662946E-06,8.8672568E-06,8.8686474E-06,8.8701372E-06,8.8711822E-06,8.8713123E-06,8.8707238E-06,8.8713587E-06,8.8716642E-06,8.8720790E-06,8.8736660E-06,8.8733577E-06,8.8733313E-06,8.8753641E-06,8.8750285E-06,8.8738579E-06,8.8747420E-06,8.8750530E-06,8.8750767E-06,8.8751030E-06,8.8748966E-06,8.8745428E-06,8.8760316E-06,8.8775496E-06,8.8773158E-06,8.8776533E-06,8.8771467E-06
8.8750958E-06,8.8749111E-06,8.8750439E-06,8.8747874E-06,8.8754359E-06,8.8746983E-06,8.8741272E-06,8.8746119E-06,8.8753550E-06,8.8771831E-06,8.8780607E-06,8.8786155E-06,8.8798542E-06,8.8813440E-06,8.8836105E-06,8.8862343E-06,8.8871511E-06,8.8861043E-06,8.8849474E-06,8.8852967E-06,8.8874958E-06,8.8878796E-06,8.8877859E-06,8.8884090E-06,8.8891402E-06,8.8903735E-06,8.8910619E-06,8.8923916E-06,8.8946472E-06,8.8952765E-06,8.8951083E-06,8.8958322E-06,8.8973111E-06,8.8989291E-06,8.8992192E-06,8.8992147E-06
8.8991374E-06,8.8960915E-06,8.8945335E-06,8.8954421E-06,8.8955576E-06,8.8960951E-06,8.8966617E-06,8.8983861E-06,8.9004516E-06,8.9013311E-06,8.9032264E-06,8.9052346E-06,8.9064342E-06,8.9080549E-06,8.9094046E-06,8.9106443E-06,8.9117493E-06,8.9132036E-06,8.9151581E-06,8.9160576E-06,8.9169880E-06,8.9177329E-06,8.9179412E-06,8.9195564E-06,8.9211653E-06,8.9227969E-06,8.9242449E-06,8.9246459E-06,8.9259729E-06,8.9280393E-06,8.9294899E-06,8.9307869E-06,8.9321447E-06,8.9335790E-06,8.9340692E-06,8.9351461E-06
8.9354617E-06,8.9349705E-06,8.9369423E-06,8.9381156E-06,8.9391951E-06,8.9411378E-06,8.9423520E-06,8.9433179E-06,8.9444675E-06,8.9461810E-06,8.9482128E-06,8.9509294E-06,8.9521927E-06,8.9533796E-06,8.9564755E-06,8.9588966E-06,8.9610048E-06,8.9637006E-06,8.9654504E-06,8.9670975E-06,8.9696496E-06,8.9715877E-06,8.9747427E-06,8.9789237E-06,8.9819969E-06,8.9842942E-06,8.9865689E-06,8.9890282E-06,8.9915711E-06,8.9941132E-06,8.9962314E-06,8.9998111E-06,9.0034000E-06,9.0055173E-06,9.0082931E-06,9.0106350E-06
9.0123322E-06,9.0141420E-06,9.0162321E-06,9.0181538E-06,9.0202129E-06,9.0235762E-06,9.0276817E-06,9.0311069E-06,9.0347257E-06,9.0381836E-06,9.0417561E-06,9.0461126E-06,9.0498270E-06,9.0544627E-06,9.0588792E-06,9.0625990E-06,9.0668973E-06,9.0697322E-06,9.0725871E-06,9.0764506E-06,9.0805443E-06,9.0841786E-06,9.0870571E-06,9.0912308E-06,9.0955273E-06,9.0983703E-06,9.1018810E-06,9.1059337E-06,9.1097863E-06,9.1134034E-06,9.1177508E-06,9.1232705E-06,9.1262354E-06,9.1282591E-06,9.1296870E-06,9.1311440E-06
9.1350575E-06,9.1368165E-06,9.1366473E-06,9.1397833E-06,9.1427601E-06,9.1450111E-06,9.1489410E-06,9.1525007E-06,9.1558959E-06,9.1604115E-06,9.1644342E-06,9.1668708E-06,9.1695274E-06,9.1721304E-06,9.1757083E-06,9.1797292E-06,9.1834163E-06,9.1863194E-06,9.1875436E-06,9.1899319E-06,9.1927295E-06,9.1951470E-06,9.1985812E-06,9.2007258E-06,9.2015753E-06,9.2036989E-06,9.2065293E-06,9.2096889E-06,9.2109158E-06,9.2117307E-06,9.2152022E-06,9.2185937E-06,9.2199389E-06,9.2204773E-06,9.2215396E-06,9.2209639E-06
9.2198034E-06,9.2194459E-06,9.2193895E-06,9.2206583E-06,9.2209584E-06,9.2214550E-06,9.2237969E-06,9.2253349E-06,9.2268547E-06,9.2295222E-06,9.2318360E-06,9.2334458E-06,9.2344535E-06,9.2344035E-06,9.2355758E-06,9.2368491E-06,9.2369855E-06,9.2384971E-06,9.2397331E-06,9.2408673E-06,9.2423033E-06,9.2415512E-06,9.2422151E-06,9.2441851E-06,9.2453483E-06,9.2459413E-06,9.2464324E-06,9.2493638E-06,9.2512555E-06,9.2501295E-06,9.2501732E-06,9.2505606E-06,9.2494993E-06,9.2485625E-06,9.2492028E-06,9.2485416E-06
9.2460677E-06,9.2455421E-06,9.2458995E-06,9.2452938E-06,9.2437813E-06,9.2425562E-06,9.2412101E-06,9.2413302E-06,9.2421105E-06,9.2429545E-06,9.2439295E-06,9.2459668E-06,9.2470464E-06,9.2436931E-06,9.2410319E-06,9.2406453E-06,9.2397695E-06,9.2375321E-06,9.2371847E-06,9.2370756E-06,9.2363398E-06,9.2364635E-06,9.2361024E-06,9.2348127E-06,9.2336932E-06,9.2326727E-06,9.2305163E-06,9.2293294E-06,9.2286546E-06,9.2279597E-06,9.2286909E-06,9.2290675E-06,9.2275068E-06,9.2255314E-06,9.2234577E-06,9.2211649E-06
9.2167911E-06,9.2112868E-06,9.2077744E-06,9.2051741E-06,9.2022565E-06,9.1986740E-06,9.1968404E-06,9.1972488E-06,9.1968768E-06,9.1964948E-06,9.1953661E-06,9.1921393E-06,9.1893025E-06,9.1876263E-06,9.1864731E-06,9.1843103E-06,9.1820266E-06,9.1807879E-06,9.1793381E-06,9.1771999E-06,9.1732327E-06,9.1704096E-06,9.1693237E-06,9.1678276E-06,9.1653301E-06,9.1624233E-06,9.1596594E-06,9.1582788E-06,9.1577012E-06,9.1549937E-06,9.1537659E-06,9.1532129E-06,9.1517031E-06,9.1497859E-06,9.1473439E-06,9.1434485E-06
9.1387692E-06,9.1354814E-06,9.1337297E-06,9.1327774E-06,9.1309630E-06,9.1292741E-06,9.1277825E-06,9.1248685E-06,9.1240781E-06,9.1265392E-06,9.1279107E-06,9.1261190E-06,9.1231632E-06,9.1205120E-06,9.1182128E-06,9.1182255E-06,9.1180345E-06,9.1161864E-06,9.1140018E-06,9.1141183E-06,9.1141173E-06,9.1126694E-06,9.1123020E-06,9.1120155E-06,9.1119755E-06,9.1123256E-06,9.1128031E-06,9.1134188E-06,9.1140846E-06,9.1134789E-06,9.1121901E-06,9.1118409E-06,9.1117736E-06,9.1120737E-06,9.1117499E-06,9.1108259E-06
9.1102020E-06,9.1093188E-06,9.1087832E-06,9.1096590E-06,9.1098309E-06,9.1101210E-06,9.1116735E-06,9.1121510E-06,9.1124857E-06,9.1146385E-06,9.1186703E-06,9.1207485E-06,9.1228730E-06,9.1262682E-06,9.1282882E-06,9.1294505E-06,9.1313759E-06,9.1325746E-06,9.1325037E-06,9.1350103E-06,9.1386628E-06,9.1407082E-06,9.1435450E-06,9.1467900E-06,9.1490638E-06,9.1511274E-06,9.1536513E-06,9.1580814E-06,9.1610800E-06,9.1622205E-06,9.1652746E-06,9.1678930E-06,9.1698330E-06,9.1719439E-06,9.1729726E-06,9.1748370E-06
9.1760858E-06,9.1771972E-06,9.1800921E-06,9.1826951E-06,9.1853117E-06,9.1882293E-06,9.1916245E-06,9.1953516E-06,9.1986731E-06,9.2012187E-06,9.2028504E-06,9.2058872E-06,9.2093524E-06,9.2110631E-06,9.2130076E-06,9.2157470E-06,9.2176942E-06,9.2204573E-06,9.2246137E-06,9.2270193E-06,9.2290229E-06,9.2318824E-06,9.2354476E-06,9.2387609E-06,9.2414357E-06,9.2426490E-06,9.2434593E-06,9.2452728E-06,9.2468654E-06,9.2500231E-06,9.2517730E-06,9.2523451E-06,9.2530890E-06,9.2518576E-06,9.2529599E-06,9.2537703E-06
9.2528317E-06,9.2540449E-06,9.2541813E-06,9.2536156E-06,9.2546670E-06,9.2557993E-06,9.2562559E-06,9.2560176E-06,9.2567097E-06,9.2587916E-06,9.2607606E-06,9.2623304E-06,9.2619221E-06,9.2618329E-06,9.2629671E-06,9.2637210E-06,9.2644159E-06,9.2637210E-06,9.2630380E-06,9.2626833E-06,9.2622313E-06,9.2627988E-06,9.2617229E-06,9.2588962E-06,9.2578603E-06,9.2578030E-06,9.2565087E-06,9.2542577E-06,9.2527771E-06,9.2527343E-06,9.2521896E-06,9.2511354E-06,9.2505261E-06,9.2495929E-06,9.2472728E-06,9.2440678E-06
9.2407326E-06,9.2388809E-06,9.2374121E-06,9.2353148E-06,9.2343516E-06,9.2327409E-06,9.2314713E-06,9.2314240E-06,9.2312548E-06,9.2308519E-06,9.2289492E-06,9.2278997E-06,9.2274258E-06,9.2264190E-06,9.2273776E-06,9.2281498E-06,9.2280497E-06,9.2267828E-06,9.2252530E-06,9.2253749E-06,9.2249702E-06,9.2240125E-06,9.2228538E-06,9.2216078E-06,9.2226792E-06,9.2228847E-06,9.2212977E-06,9.2213522E-06,9.2215723E-06,9.2209229E-06,9.2205091E-06,9.2206737E-06,9.2204627E-06,9.2202281E-06,9.2197624E-06,9.2182399E-06
9.2161736E-06,9.2150321E-06,9.2154805E-06,9.2150067E-06,9.2153832E-06,9.2160317E-06,9.2147584E-06,9.2143919E-06,9.2154769E-06,9.2167002E-06,9.2173295E-06,9.2178798E-06,9.2177588E-06,9.2177488E-06,9.2191121E-06,9.2204000E-06,9.2207720E-06,9.2206328E-06,9.2210230E-06,9.2218806E-06,9.2225473E-06,9.2235541E-06,9.2251885E-06,9.2264099E-06,9.2270338E-06,9.2274822E-06,9.2273858E-06,9.2277205E-06,9.2286291E-06,9.2298605E-06,9.2311866E-06,9.2314958E-06,9.2321043E-06,9.2324699E-06,9.2326391E-06,9.2336131E-06
9.2334749E-06,9.2328219E-06,9.2321607E-06,9.2314294E-06,9.2299642E-06,9.2286091E-06,9.2301625E-06,9.2319278E-06,9.2334358E-06,9.2349328E-06,9.2347655E-06,9.2349892E-06,9.2349792E-06,9.2355704E-06,9.2358923E-06,9.2365244E-06,9.2384034E-06,9.2382706E-06,9.2379196E-06,9.2383552E-06,9.2385808E-06,9.2384553E-06,9.2390437E-06,9.2396085E-06,9.2393802E-06,9.2386499E-06,9.2388764E-06,9.2396831E-06,9.2393111E-06,9.2387308E-06,9.2381624E-06,9.2388846E-06,9.2381333E-06,9.2354885E-06,9.2335631E-06,9.2313839E-06
9.2300688E-06,9.2299078E-06,9.2284745E-06,9.2267401E-06,9.2248747E-06,9.2222353E-06,9.2200771E-06,9.2191158E-06,9.2188302E-06,9.2185592E-06,9.2185573E-06,9.2177070E-06,9.2160244E-06,9.2146902E-06,9.2136097E-06,9.2122991E-06,9.2100863E-06,9.2077462E-06,9.2062492E-06,9.2043083E-06,9.2020673E-06,9.2002147E-06,9.1983575E-06,9.1976399E-06,9.1955517E-06,9.1930979E-06,9.1924576E-06,9.1918437E-06,9.1895190E-06,9.1868214E-06,9.1860948E-06,9.1851152E-06,9.1830134E-06,9.1790216E-06,9.1758529E-06,9.1742304E-06
9.1723368E-06,9.1694474E-06,9.1669244E-06,9.1651955E-06,9.1631327E-06,9.1624543E-06,9.1619377E-06,9.1606244E-06,9.1598495E-06,9.1593138E-06,9.1582979E-06,9.1577731E-06,9.1573565E-06,9.1554430E-06,9.1537804E-06,9.1542979E-06,9.1554593E-06,9.1542397E-06,9.1519605E-06,9.1513475E-06,9.1513120E-06,9.1508618E-06,9.1499960E-06,9.1500797E-06,9.1514712E-06,9.1504626E-06,9.1493694E-06,9.1496240E-06,9.1493584E-06,9.1499924E-06,9.1493066E-06,9.1484380E-06,9.1474048E-06,9.1458905E-06,9.1434585E-06,9.1414968E-06
9.1410820E-06,9.1392594E-06,9.1381344E-06,9.1388811E-06,9.1382344E-06,9.1374277E-06,9.1378642E-06,9.1380816E-06,9.1397387E-06,9.1415495E-06,9.1401771E-06,9.1385473E-06,9.1383154E-06,9.1383799E-06,9.1387228E-06,9.1378752E-06,9.1375823E-06,9.1382772E-06,9.1385946E-06,9.1365628E-06,9.1357051E-06,9.1372476E-06,9.1375359E-06,9.1363854E-06,9.1365873E-06,9.1376887E-06,9.1366710E-06,9.1368211E-06,9.1362335E-06,9.1347456E-06,9.1347874E-06,9.1349739E-06,9.1338243E-06,9.1320780E-06,9.1314896E-06,9.1299671E-06
9.1269094E-06,9.1246493E-06,9.1232023E-06,9.1217589E-06,9.1203774E-06,9.1175816E-06,9.1149413E-06,9.1149832E-06,9.1166948E-06,9.1172887E-06,9.1169095E-06,9.1167694E-06,9.1159081E-06,9.1142292E-06,9.1127986E-06,9.1133743E-06,9.1138972E-06,9.1137726E-06,9.1127304E-06,9.1114925E-06,9.1118745E-06,9.1109905E-06,9.1090351E-06,9.1079164E-06,9.1073589E-06,9.1066904E-06,9.1067377E-06,9.1077773E-06,9.1068832E-06,9.1052234E-06,9.1046131E-06,9.1028669E-06,9.1001166E-06,9.0987332E-06,9.0960511E-06,9.0921376E-06
9.0915091E-06,9.0891817E-06,9.0859366E-06,9.0850726E-06,9.0831199E-06,9.0804096E-06,9.0795629E-06,9.0802769E-06,9.0799622E-06,9.0788853E-06,9.0782560E-06,9.0782214E-06,9.0778540E-06,9.0767362E-06,9.0746516E-06,9.0728354E-06,9.0720878E-06,9.0717804E-06,9.0707163E-06,9.0694230E-06,9.0688200E-06,9.0673730E-06,9.0663398E-06,9.0661042E-06,9.0646708E-06,9.0631020E-06,9.0622734E-06,9.0611129E-06,9.0599242E-06,9.0579097E-06,9.0555559E-06,9.0544672E-06,9.0535095E-06,9.0519943E-06,9.0500689E-06,9.0467683E-06
9.0444437E-06,9.0424864E-06,9.0398053E-06,9.0383173E-06,9.0370659E-06,9.0347521E-06,9.0332287E-06,9.0339099E-06,9.0350932E-06,9.0344238E-06,9.0332705E-06,9.0332669E-06,9.0313251E-06,9.0290396E-06,9.0284457E-06,9.0265748E-06,9.0247304E-06,9.0246303E-06,9.0242329E-06,9.0234735E-06,9.0222747E-06,9.0201920E-06,9.0189560E-06,9.0185304E-06,9.0174726E-06,9.0157764E-06,9.0140402E-06,9.0121921E-06,9.0117564E-06,9.0112171E-06,9.0095482E-06,9.0090616E-06,9.0087942E-06,9.0061021E-06,9.0039084E-06,9.0025933E-06
9.0001267E-06,8.9993591E-06,8.9969162E-06,8.9932719E-06,8.9914920E-06,8.9917785E-06,8.9935129E-06,8.9926189E-06,8.9918822E-06,8.9924288E-06,8.9922505E-06,8.9916375E-06,8.9900122E-06,8.9891046E-06,8.9887444E-06,8.9883833E-06,8.9892464E-06,8.9885070E-06,8.9861660E-06,8.9855212E-06,8.9852256E-06,8.9847535E-06,8.9841960E-06,8.9838058E-06,8.9836030E-06,8.9822661E-06,8.9824844E-06,8.9826099E-06,8.9812202E-06,8.9811474E-06,8.9806454E-06,8.9789892E-06,8.9793102E-06,8.9780206E-06,8.9755504E-06,8.9755167E-06
8.9757104E-06,8.9742043E-06,8.9724817E-06,8.9715813E-06,8.9715813E-06,8.9717032E-06,8.9705954E-06,8.9713822E-06,8.9734631E-06,8.9725163E-06,8.9715268E-06,8.9727118E-06,8.9739588E-06,8.9750320E-06,8.9754394E-06,8.9741661E-06,8.9727691E-06,8.9735395E-06,8.9748046E-06,8.9752712E-06,8.9748510E-06,8.9752539E-06,8.9759724E-06,8.9758932E-06,8.9754967E-06,8.9759287E-06,8.9769483E-06,8.9766572E-06,8.9757996E-06,8.9758032E-06,8.9752484E-06,8.9741297E-06,8.9745199E-06,8.9739105E-06,8.9715440E-06,8.9711448E-06
8.9712430E-06,8.9702753E-06,8.9682053E-06,8.9665555E-06,8.9670275E-06,8.9681625E-06,8.9678178E-06,8.9674941E-06,8.9675223E-06,8.9678761E-06,8.9681289E-06,8.9671284E-06,8.9663499E-06,8.9664836E-06,8.9655186E-06,8.9644427E-06,8.9644545E-06,8.9649211E-06,8.9655850E-06,8.9629220E-06,8.9610548E-06,8.9613532E-06,8.9600762E-06,8.9602227E-06,8.9592077E-06,8.9571758E-06,8.9577925E-06,8.9589866E-06,8.9582163E-06,8.9571222E-06,8.9571704E-06,8.9555424E-06,8.9533350E-06,8.9509322E-06,8.9481609E-06,8.9463883E-06
8.9451942E-06,8.9444757E-06,8.9418454E-06,8.9381792E-06,8.9360601E-06,8.9355271E-06,8.9368068E-06,8.9372934E-06,8.9360537E-06,8.9344576E-06,8.9324967E-06,8.9302675E-06,8.9287223E-06,8.9288178E-06,8.9286750E-06,8.9273508E-06,8.9261357E-06,8.9241530E-06,8.9227678E-06,8.9214436E-06,8.9212244E-06,8.9215591E-06,8.9207106E-06,8.9191908E-06,8.9173454E-06,8.9169544E-06,8.9171608E-06,8.9166524E-06,8.9160867E-06,8.9140549E-06,8.9114037E-06,8.9099994E-06,8.9076866E-06,8.9057103E-06,8.9035602E-06,8.9014338E-06
8.9017858E-06,8.9018849E-06,8.8994293E-06,8.8974093E-06,8.8963770E-06,8.8957277E-06,8.8959468E-06,8.8946126E-06,8.8926545E-06,8.8910547E-06,8.8890711E-06,8.8879133E-06,8.8869492E-06,8.8859024E-06,8.8854831E-06,8.8852057E-06,8.8872748E-06,8.8877159E-06,8.8846937E-06,8.8840734E-06,8.8834258E-06,8.8822726E-06,8.8815204E-06,8.8820470E-06,8.8827692E-06,8.8819870E-06,8.8830502E-06,8.8835077E-06,8.8823781E-06,8.8830247E-06,8.8844590E-06,8.8844354E-06,8.8819761E-06,8.8789311E-06,8.8771876E-06,8.8754932E-06
8.8750785E-06,8.8752376E-06,8.8730476E-06,8.8706529E-06,8.8692323E-06,8.8691349E-06,8.8706693E-06,8.8705574E-06,8.8699089E-06,8.8708266E-06,8.8721108E-06,8.8712668E-06,8.8698116E-06,8.8697780E-06,8.8693614E-06,8.8704910E-06,8.8719835E-06,8.8726592E-06,8.8737179E-06,8.8730776E-06,8.8718671E-06,8.8720408E-06,8.8719717E-06,8.8713368E-06,8.8696943E-06,8.8689721E-06,8.8689221E-06,8.8698443E-06,8.8701245E-06,8.8681527E-06,8.8669285E-06,8.8657771E-06,8.8654251E-06,8.8648685E-06,8.8646539E-06,8.8644201E-06
8.8646002E-06,8.8637917E-06,8.8622319E-06,8.8623410E-06,8.8612987E-06,8.8595834E-06,8.8590896E-06,8.8591960E-06,8.8606939E-06,8.8612551E-06,8.8589923E-06,8.8579045E-06,8.8580928E-06,8.8597235E-06,8.8611741E-06,8.8608658E-06,8.8605429E-06,8.8586439E-06,8.8572497E-06,8.8589240E-06,8.8601400E-06,8.8602164E-06,8.8602828E-06,8.8603110E-06,8.8587894E-06,8.8576444E-06,8.8596653E-06,8.8599027E-06,8.8590114E-06,8.8594625E-06,8.8588813E-06,8.8582892E-06,8.8571596E-06,8.8564093E-06,8.8560428E-06,8.8557908E-06
8.8570559E-06,8.8577208E-06,8.8557645E-06,8.8533607E-06,8.8541010E-06,8.8553015E-06,8.8559764E-06,8.8572497E-06,8.8582610E-06,8.8586530E-06,8.8581946E-06,8.8584757E-06,8.8591651E-06,8.8592569E-06,8.8592515E-06,8.8595407E-06,8.8597681E-06,8.8588658E-06,8.8579609E-06,8.8588522E-06,8.8582783E-06,8.8564939E-06,8.8569586E-06,8.8577772E-06,8.8580455E-06,8.8584229E-06,8.8590414E-06,8.8586266E-06,8.8587849E-06,8.8587840E-06,8.8566503E-06,8.8553997E-06,8.8555771E-06,8.8548377E-06,8.8536526E-06,8.8539928E-06
8.8544075E-06,8.8538609E-06,8.8515335E-06,8.8499519E-06,8.8510051E-06,8.8518009E-06,8.8519027E-06,8.8524384E-06,8.8521047E-06,8.8520510E-06,8.8523711E-06,8.8517054E-06,8.8516081E-06,8.8527513E-06,8.8541792E-06,8.8545803E-06,8.8539227E-06,8.8543120E-06,8.8548222E-06,8.8544839E-06,8.8540082E-06,8.8548686E-06,8.8549759E-06,8.8528986E-06,8.8524657E-06,8.8520883E-06,8.8510669E-06,8.8512188E-06,8.8525894E-06,8.8539518E-06,8.8536735E-06,8.8516244E-06,8.8500747E-06,8.8492607E-06,8.8489032E-06,8.8481756E-06
8.8481611E-06,8.8476236E-06,8.8465067E-06,8.8458319E-06,8.8445004E-06,8.8436309E-06,8.8444785E-06,8.8467159E-06,8.8467268E-06,8.8460511E-06,8.8462193E-06,8.8470069E-06,8.8482720E-06,8.8484912E-06,8.8482902E-06,8.8494316E-06,8.8493152E-06,8.8491379E-06,8.8487804E-06,8.8479164E-06,8.8485040E-06,8.8482757E-06,8.8487723E-06,8.8497109E-06,8.8494407E-06,8.8481111E-06,8.8480765E-06,8.8492898E-06,8.8495744E-06,8.8494862E-06,8.8494571E-06,8.8483566E-06,8.8465240E-06,8.8454653E-06,8.8450206E-06,8.8461165E-06
8.8475654E-06,8.8458501E-06,8.8434535E-06,8.8425859E-06,8.8423967E-06,8.8425158E-06,8.8434954E-06,8.8439910E-06,8.8433107E-06,8.8427560E-06,8.8431370E-06,8.8446550E-06,8.8442503E-06,8.8437982E-06,8.8450579E-06,8.8449942E-06,8.8445358E-06,8.8443730E-06,8.8451661E-06,8.8455636E-06,8.8457737E-06,8.8466422E-06,8.8461838E-06,8.8455126E-06,8.8464321E-06,8.8459792E-06,8.8447359E-06,8.8462721E-06,8.8473471E-06,8.8469633E-06,8.8447277E-06,8.8434799E-06,8.8433453E-06,8.8424213E-06,8.8417582E-06,8.8415536E-06
8.8419238E-06,8.8412144E-06,8.8403021E-06,8.8396300E-06,8.8395081E-06,8.8395045E-06,8.8394499E-06,8.8395964E-06,8.8397592E-06,8.8400766E-06,8.8408642E-06,8.8422685E-06,8.8426150E-06,8.8420838E-06,8.8403549E-06,8.8399593E-06,8.8405150E-06,8.8398528E-06,8.8398128E-06,8.8409060E-06,8.8416154E-06,8.8409934E-06,8.8415354E-06,8.8427332E-06,8.8421375E-06,8.8412235E-06,8.8407542E-06,8.8398692E-06,8.8387887E-06,8.8383122E-06,8.8386650E-06,8.8381184E-06,8.8372180E-06,8.8375327E-06,8.8369225E-06,8.8371180E-06
8.8388942E-06,8.8387014E-06,8.8368433E-06,8.8350489E-06,8.8345841E-06,8.8347069E-06,8.8350653E-06,8.8373554E-06,8.8387487E-06,8.8376137E-06,8.8372171E-06,8.8381830E-06,8.8376792E-06,8.8364413E-06,8.8371316E-06,8.8386851E-06,8.8385541E-06,8.8381239E-06,8.8400920E-06,8.8401248E-06,8.8393863E-06,8.8390061E-06,8.8382294E-06,8.8383886E-06,8.8384941E-06,8.8381812E-06,8.8386732E-06,8.8380584E-06,8.8380120E-06,8.8396464E-06,8.8388951E-06,8.8374163E-06,8.8356492E-06,8.8352672E-06,8.8357401E-06,8.8360330E-06
8.8366423E-06,8.8355409E-06,8.8344896E-06,8.8335819E-06,8.8332372E-06,8.8339430E-06,8.8331117E-06,8.8330908E-06,8.8344796E-06,8.8345159E-06,8.8341276E-06,8.8334309E-06,8.8339420E-06,8.8352899E-06,8.8355755E-06,8.8359766E-06,8.8361612E-06,8.8358092E-06,8.8353699E-06,8.8352299E-06,8.8354518E-06,8.8353490E-06,8.8337219E-06,8.8328497E-06,8.8345459E-06,8.8358420E-06,8.8343477E-06,8.8329907E-06,8.8328397E-06,8.8329898E-06,8.8329807E-06,8.8322240E-06,8.8310389E-06,8.8305978E-06,8.8314773E-06,8.8323077E-06
8.8323586E-06,8.8306606E-06,8.8288643E-06,8.8270826E-06,8.8258648E-06,8.8269917E-06,8.8277648E-06,8.8273273E-06,8.8275583E-06,8.8275819E-06,8.8282995E-06,8.8299530E-06,8.8293636E-06,8.8281595E-06,8.8284460E-06,8.8293309E-06,8.8293400E-06,8.8287570E-06,8.8282104E-06,8.8280440E-06,8.8281149E-06,8.8286333E-06,8.8285269E-06,8.8282077E-06,8.8289271E-06,8.8287852E-06,8.8284669E-06,8.8282177E-06,8.8277793E-06,8.8275474E-06,8.8276511E-06,8.8271108E-06,8.8258239E-06,8.8263850E-06,8.8268298E-06,8.8262923E-06
8.8268180E-06,8.8265897E-06,8.8243369E-06,8.8233446E-06,8.8238457E-06,8.8235174E-06,8.8247561E-06,8.8255210E-06,8.8249681E-06,8.8248671E-06,8.8253300E-06,8.8251427E-06,8.8258521E-06,8.8284050E-06,8.8286861E-06,8.8268171E-06,8.8262004E-06,8.8272745E-06,8.8293400E-06,8.8310398E-06,8.8297365E-06,8.8288161E-06,8.8283796E-06,8.8278812E-06,8.8282786E-06,8.8289335E-06,8.8285360E-06,8.8262104E-06,8.8252436E-06,8.8258412E-06,8.8254910E-06,8.8248153E-06,8.8256329E-06,8.8260949E-06,8.8266242E-06,8.8267006E-06
8.8261586E-06,8.8251963E-06,8.8223642E-06,8.8227589E-06,8.8238730E-06,8.8233664E-06,8.8232546E-06,8.8229153E-06,8.8228926E-06,8.8231236E-06,8.8235492E-06,8.8242759E-06,8.8245160E-06,8.8236857E-06,8.8241895E-06,8.8258494E-06,8.8258839E-06,8.8252882E-06,8.8252827E-06,8.8256875E-06,8.8260567E-06,8.8264596E-06,8.8259349E-06,8.8248844E-06,8.8238412E-06,8.8245970E-06,8.8260813E-06,8.8248553E-06,8.8238130E-06,8.8234683E-06,8.8239858E-06,8.8240595E-06,8.8239585E-06,8.8248016E-06,8.8251936E-06,8.8240222E-06
8.8230236E-06,8.8222450E-06,8.8200013E-06,8.8196548E-06,8.8206807E-06,8.8209008E-06,8.8211827E-06,8.8217594E-06,8.8211527E-06,8.8208544E-06,8.8206279E-06,8.8204770E-06,8.8219012E-06,8.8215775E-06,8.8212992E-06,8.8208799E-06,8.8204215E-06,8.8217994E-06,8.8222359E-06,8.8221705E-06,8.8219667E-06,8.8220095E-06,8.8221795E-06,8.8227107E-06,8.8225088E-06,8.8232873E-06,8.8246406E-06,8.8241913E-06,8.8232737E-06,8.8217821E-06,8.8198703E-06,8.8195138E-06,8.8218476E-06,8.8237130E-06,8.8238685E-06,8.8225197E-06
