4.2356205E-06,4.2356537E-06,4.2343922E-06,4.2319862E-06,4.2300699E-06,4.2321426E-06,4.2378920E-06,4.2438733E-06,4.2497368E-06,4.2552588E-06,4.2589781E-06,4.2615889E-06,4.2646748E-06,4.2683150E-06,4.2721363E-06,4.2762144E-06,4.2806155E-06,4.2849470E-06,4.2889860E-06,4.2928782E-06,4.2963470E-06,4.2994016E-06,4.3046457E-06,4.3140549E-06,4.3206969E-06,4.3214495E-06,4.3202322E-06,4.3172231E-06,4.3119803E-06,4.3052414E-06,4.2983611E-06,4.2898350E-06,4.2765700E-06,4.2581096E-06,4.2367201E-06,4.2154620E-06
4.1963572E-06,4.1818780E-06,4.1745766E-06,4.1753156E-06,4.1823264E-06,4.1914777E-06,4.2018360E-06,4.2137926E-06,4.2238880E-06,4.2325378E-06,4.2415950E-06,4.2469428E-06,4.2489360E-06,4.2518072E-06,4.2553356E-06,4.2572651E-06,4.2567540E-06,4.2577226E-06,4.2626198E-06,4.2663182E-06,4.2670777E-06,4.2698334E-06,4.2747661E-06,4.2788806E-06,4.2825300E-06,4.2872575E-06,4.2933107E-06,4.2990914E-06,4.3050718E-06,4.3123546E-06,4.3200494E-06,4.3279924E-06,4.3370596E-06,4.3469358E-06,4.3570449E-06,4.3680347E-06
4.3796772E-06,4.3916398E-06,4.4038616E-06,4.4163885E-06,4.4295789E-06,4.4433445E-06,4.4571370E-06,4.4708058E-06,4.4849653E-06,4.4994358E-06,4.5140750E-06,4.5290944E-06,4.5442880E-06,4.5596967E-06,4.5755009E-06,4.5915099E-06,4.6079845E-06,4.6249429E-06,4.6419977E-06,4.6590903E-06,4.6760374E-06,4.6931686E-06,4.7107778E-06,4.7285625E-06,4.7467965E-06,4.7656722E-06,4.7852905E-06,4.8052357E-06,4.8248517E-06,4.8447155E-06,4.8650636E-06,4.8856136E-06,4.9062246E-06,4.9266869E-06,4.9473160E-06,4.9682048E-06
4.9885493E-06,5.0081785E-06,5.0272720E-06,5.0455214E-06,5.0630788E-06,5.0797594E-06,5.0946401E-06,5.1080042E-06,5.1199822E-06,5.1301727E-06,5.1387756E-06,5.1455581E-06,5.1505799E-06,5.1539887E-06,5.1558127E-06,5.1560710E-06,5.1547058E-06,5.1514394E-06,5.1466850E-06,5.1403817E-06,5.1321808E-06,5.1228344E-06,5.1120614E-06,5.0998351E-06,5.0869926E-06,5.0741828E-06,5.0618200E-06,5.0499166E-06,5.0386820E-06,5.0287872E-06,5.0184976E-06,5.0077288E-06,4.9995515E-06,4.9929777E-06,4.9870300E-06,4.9836049E-06
4.9834912E-06,4.9861410E-06,4.9916057E-06,4.9998453E-06,5.0111221E-06,5.0262283E-06,5.0451767E-06,5.0674062E-06,5.0926742E-06,5.1207630E-06,5.1509392E-06,5.1836755E-06,5.2189462E-06,5.2568139E-06,5.2984965E-06,5.3446943E-06,5.3956824E-06,5.4521188E-06,5.5147257E-06,5.5832870E-06,5.6573945E-06,5.7366315E-06,5.8207129E-06,5.9093231E-06,6.0019815E-06,6.0987645E-06,6.1988517E-06,6.3016373E-06,6.4069700E-06,6.5137692E-06,6.6210496E-06,6.7280939E-06,6.8341192E-06,6.9383382E-06,7.0402384E-06,7.1396989E-06
7.2368662E-06,7.3315941E-06,7.4237905E-06,7.5136500E-06,7.6009555E-06,7.6855604E-06,7.7683371E-06,7.8493913E-06,7.9281253E-06,8.0041082E-06,8.0763430E-06,8.1446205E-06,8.2094903E-06,8.2710949E-06,8.3289451E-06,8.3821633E-06,8.4303629E-06,8.4740204E-06,8.5139081E-06,8.5511301E-06,8.5860320E-06,8.6188838E-06,8.6514101E-06,8.6850541E-06,8.7203325E-06,8.7580593E-06,8.7990502E-06,8.8434272E-06,8.8906072E-06,8.9401838E-06,8.9922214E-06,9.0456288E-06,9.0999774E-06,9.1557167E-06,9.2127902E-06,9.2711525E-06
9.3302642E-06,9.3897070E-06,9.4496836E-06,9.5096166E-06,9.5689384E-06,9.6273079E-06,9.6851763E-06,9.7442953E-06,9.8054070E-06,9.8693154E-06,9.9365907E-06,1.0007085E-05,1.0081350E-05,1.0159176E-05,1.0240446E-05,1.0324572E-05,1.0409852E-05,1.0495952E-05,1.0581561E-05,1.0665022E-05,1.0746101E-05,1.0822854E-05,1.0894026E-05,1.0963125E-05,1.1028891E-05,1.1085491E-05,1.1135043E-05,1.1180685E-05,1.1219604E-05,1.1250551E-05,1.1275463E-05,1.1295771E-05,1.1311209E-05,1.1321972E-05,1.1328769E-05,1.1332546E-05
1.1333535E-05,1.1331022E-05,1.1326302E-05,1.1319366E-05,1.1308882E-05,1.1296052E-05,1.1280667E-05,1.1259807E-05,1.1234538E-05,1.1204205E-05,1.1170491E-05,1.1136010E-05,1.1098533E-05,1.1060351E-05,1.1021937E-05,1.0982948E-05,1.0945510E-05,1.0908193E-05,1.0871552E-05,1.0836550E-05,1.0800381E-05,1.0765344E-05,1.0731712E-05,1.0696752E-05,1.0663090E-05,1.0629631E-05,1.0596332E-05,1.0563343E-05,1.0528559E-05,1.0492931E-05,1.0454132E-05,1.0421632E-05,1.0382789E-05,1.0326648E-05,1.0281072E-05,1.0248147E-05
1.0205936E-05,1.0156881E-05,1.0118135E-05,1.0082721E-05,1.0046576E-05,1.0019177E-05,9.9955023E-06,9.9727167E-06,9.9547296E-06,9.9358340E-06,9.9181889E-06,9.9053459E-06,9.8904265E-06,9.8771861E-06,9.8655955E-06,9.8536984E-06,9.8441833E-06,9.8351784E-06,9.8259670E-06,9.8146411E-06,9.7996190E-06,9.7813645E-06,9.7600023E-06,9.7329284E-06,9.7056099E-06,9.6792546E-06,9.6465274E-06,9.6127096E-06,9.5789383E-06,9.5425921E-06,9.5074010E-06,9.4722736E-06,9.4336083E-06,9.3909630E-06,9.3467352E-06,9.3030940E-06
9.2602504E-06,9.2162581E-06,9.1698021E-06,9.1242937E-06,9.0775011E-06,9.0249568E-06,8.9687719E-06,8.9114355E-06,8.8539773E-06,8.7968647E-06,8.7413910E-06,8.6889195E-06,8.6408572E-06,8.5975816E-06,8.5591309E-06,8.5253177E-06,8.4963094E-06,8.4724652E-06,8.4531175E-06,8.4377243E-06,8.4251133E-06,8.4148442E-06,8.4078847E-06,8.4042749E-06,8.4040466E-06,8.4075245E-06,8.4140092E-06,8.4231642E-06,8.4348467E-06,8.4491521E-06,8.4657422E-06,8.4845078E-06,8.5054289E-06,8.5276470E-06,8.5509646E-06,8.5749016E-06
8.5998345E-06,8.6261216E-06,8.6536729E-06,8.6833670E-06,8.7145545E-06,8.7459393E-06,8.7776452E-06,8.8100578E-06,8.8431680E-06,8.8775305E-06,8.9139130E-06,8.9526366E-06,8.9922860E-06,9.0325620E-06,9.0748299E-06,9.1190659E-06,9.1661550E-06,9.2161090E-06,9.2659948E-06,9.3163644E-06,9.3666013E-06,9.4149591E-06,9.4620182E-06,9.5062714E-06,9.5465075E-06,9.5839241E-06,9.6190351E-06,9.6514368E-06,9.6820640E-06,9.7110023E-06,9.7371349E-06,9.7606298E-06,9.7824686E-06,9.8019345E-06,9.8199716E-06,9.8357705E-06
9.8469172E-06,9.8541295E-06,9.8572773E-06,9.8562932E-06,9.8514038E-06,9.8412283E-06,9.8258770E-06,9.8051023E-06,9.7790162E-06,9.7492575E-06,9.7154098E-06,9.6777212E-06,9.6368412E-06,9.5935602E-06,9.5490395E-06,9.5041760E-06,9.4604984E-06,9.4184725E-06,9.3776362E-06,9.3383260E-06,9.3015897E-06,9.2682030E-06,9.2400323E-06,9.2178288E-06,9.2014025E-06,9.1915526E-06,9.1883612E-06,9.1914953E-06,9.2007940E-06,9.2159180E-06,9.2359260E-06,9.2605969E-06,9.2897135E-06,9.3230055E-06,9.3607769E-06,9.4026263E-06
9.4466395E-06,9.4907509E-06,9.5351161E-06,9.5799605E-06,9.6251188E-06,9.6713093E-06,9.7188849E-06,9.7673137E-06,9.8163055E-06,9.8654364E-06,9.9134495E-06,9.9599410E-06,1.0005313E-05,1.0049540E-05,1.0092541E-05,1.0134753E-05,1.0176976E-05,1.0220126E-05,1.0265041E-05,1.0312264E-05,1.0362000E-05,1.0414064E-05,1.0467621E-05,1.0521313E-05,1.0574590E-05,1.0627734E-05,1.0680257E-05,1.0731319E-05,1.0780433E-05,1.0826791E-05,1.0869940E-05,1.0910177E-05,1.0948509E-05,1.0986130E-05,1.1023939E-05,1.1063003E-05
1.1104424E-05,1.1147882E-05,1.1192358E-05,1.1237345E-05,1.1283072E-05,1.1330267E-05,1.1379680E-05,1.1432176E-05,1.1488944E-05,1.1551202E-05,1.1619900E-05,1.1695261E-05,1.1777423E-05,1.1866625E-05,1.1962290E-05,1.2063767E-05,1.2171660E-05,1.2285718E-05,1.2404046E-05,1.2525272E-05,1.2648400E-05,1.2772623E-05,1.2897152E-05,1.3021658E-05,1.3145884E-05,1.3267887E-05,1.3385842E-05,1.3499695E-05,1.3609638E-05,1.3716025E-05,1.3818664E-05,1.3918128E-05,1.4016378E-05,1.4114112E-05,1.4212540E-05,1.4313846E-05
1.4418608E-05,1.4526343E-05,1.4637744E-05,1.4753108E-05,1.4871814E-05,1.4993398E-05,1.5116694E-05,1.5241649E-05,1.5367956E-05,1.5494265E-05,1.5620200E-05,1.5745118E-05,1.5867836E-05,1.5986769E-05,1.6099855E-05,1.6206035E-05,1.6303075E-05,1.6389769E-05,1.6466685E-05,1.6533102E-05,1.6588618E-05,1.6634291E-05,1.6672984E-05,1.6707205E-05,1.6736225E-05,1.6758306E-05,1.6772279E-05,1.6778220E-05,1.6775564E-05,1.6762155E-05,1.6734884E-05,1.6689997E-05,1.6626265E-05,1.6543878E-05,1.6443653E-05,1.6327926E-05
1.6198383E-05,1.6054191E-05,1.5895905E-05,1.5724547E-05,1.5540900E-05,1.5347507E-05,1.5145590E-05,1.4936093E-05,1.4718602E-05,1.4491086E-05,1.4252946E-05,1.4004898E-05,1.3746630E-05,1.3476346E-05,1.3194285E-05,1.2902824E-05,1.2604100E-05,1.2299139E-05,1.1990633E-05,1.1682541E-05,1.1378734E-05,1.1083757E-05,1.0802022E-05,1.0536590E-05,1.0289398E-05,1.0061301E-05,9.8526625E-06,9.6591802E-06,9.4769657E-06,9.3060853E-06,9.1463225E-06,8.9977648E-06,8.8601391E-06,8.7360595E-06,8.6295804E-06,8.5435558E-06
8.4789117E-06,8.4347239E-06,8.4090670E-06,8.4013382E-06,8.4138264E-06,8.4501562E-06,8.5113761E-06,8.5982738E-06,8.7125354E-06,8.8489396E-06,8.9902915E-06,9.1236898E-06,9.2520377E-06,9.3790104E-06,9.5019859E-06,9.6170916E-06,9.7228267E-06,9.8199252E-06,9.9098961E-06,9.9935960E-06,1.0070961E-05,1.0141707E-05,1.0206604E-05,1.0267730E-05,1.0327556E-05,1.0388387E-05,1.0451718E-05,1.0518488E-05,1.0589751E-05,1.0666984E-05,1.0751706E-05,1.0844040E-05,1.0943057E-05,1.1048585E-05,1.1159434E-05,1.1270727E-05
1.1376631E-05,1.1472481E-05,1.1555477E-05,1.1624066E-05,1.1677833E-05,1.1719055E-05,1.1750435E-05,1.1773862E-05,1.1790175E-05,1.1798973E-05,1.1798725E-05,1.1788315E-05,1.1767554E-05,1.1735774E-05,1.1691570E-05,1.1634301E-05,1.1564394E-05,1.1482976E-05,1.1390734E-05,1.1288287E-05,1.1177629E-05,1.1060416E-05,1.0938439E-05,1.0814532E-05,1.0691179E-05,1.0571243E-05,1.0458907E-05,1.0356480E-05,1.0264713E-05,1.0184021E-05,1.0113865E-05,1.0053427E-05,1.0001881E-05,9.9586314E-06,9.9240005E-06,9.8990740E-06
9.8848695E-06,9.8830887E-06,9.8953324E-06,9.9221597E-06,9.9639037E-06,1.0019061E-05,1.0085806E-05,1.0162913E-05,1.0247695E-05,1.0337385E-05,1.0431093E-05,1.0528788E-05,1.0630953E-05,1.0738217E-05,1.0849368E-05,1.0963173E-05,1.1079775E-05,1.1199025E-05,1.1320682E-05,1.1445051E-05,1.1571673E-05,1.1701062E-05,1.1834181E-05,1.1971292E-05,1.2112218E-05,1.2255095E-05,1.2397868E-05,1.2538625E-05,1.2675141E-05,1.2805396E-05,1.2928785E-05,1.3047210E-05,1.3162527E-05,1.3275394E-05,1.3386114E-05,1.3495529E-05
1.3604988E-05,1.3714609E-05,1.3825001E-05,1.3936484E-05,1.4047839E-05,1.4158410E-05,1.4268506E-05,1.4377562E-05,1.4485169E-05,1.4590658E-05,1.4690964E-05,1.4783651E-05,1.4866561E-05,1.4937043E-05,1.4994116E-05,1.5037577E-05,1.5066311E-05,1.5082153E-05,1.5089130E-05,1.5088768E-05,1.5081093E-05,1.5068073E-05,1.5053285E-05,1.5036067E-05,1.5013796E-05,1.4986266E-05,1.4951324E-05,1.4904932E-05,1.4845765E-05,1.4773942E-05,1.4689545E-05,1.4593204E-05,1.4486392E-05,1.4369866E-05,1.4243118E-05,1.4106919E-05
1.3962680E-05,1.3812151E-05,1.3656090E-05,1.3494737E-05,1.3329320E-05,1.3161200E-05,1.2991665E-05,1.2822406E-05,1.2655960E-05,1.2494670E-05,1.2340059E-05,1.2193811E-05,1.2058076E-05,1.1933635E-05,1.1821287E-05,1.1722389E-05,1.1637713E-05,1.1567294E-05,1.1511029E-05,1.1469948E-05,1.1445336E-05,1.1438043E-05,1.1448233E-05,1.1475099E-05,1.1516353E-05,1.1568356E-05,1.1627638E-05,1.1691555E-05,1.1757799E-05,1.1823891E-05,1.1887164E-05,1.1943520E-05,1.1989561E-05,1.2024045E-05,1.2047959E-05,1.2063896E-05
1.2073359E-05,1.2077121E-05,1.2075870E-05,1.2069650E-05,1.2058144E-05,1.2041625E-05,1.2019211E-05,1.1989590E-05,1.1951985E-05,1.1906184E-05,1.1852814E-05,1.1792776E-05,1.1729273E-05,1.1665448E-05,1.1602692E-05,1.1542089E-05,1.1484416E-05,1.1430475E-05,1.1381422E-05,1.1337954E-05,1.1300094E-05,1.1267208E-05,1.1238831E-05,1.1215327E-05,1.1196716E-05,1.1181643E-05,1.1167700E-05,1.1153211E-05,1.1136714E-05,1.1116868E-05,1.1094075E-05,1.1068711E-05,1.1040943E-05,1.1012702E-05,1.0985203E-05,1.0958913E-05
1.0935686E-05,1.0918261E-05,1.0907824E-05,1.0904263E-05,1.0907022E-05,1.0915341E-05,1.0928450E-05,1.0945330E-05,1.0965412E-05,1.0988279E-05,1.1013653E-05,1.1043210E-05,1.1078460E-05,1.1118973E-05,1.1164494E-05,1.1213806E-05,1.1264466E-05,1.1317082E-05,1.1376996E-05,1.1448782E-05,1.1532444E-05,1.1624495E-05,1.1723327E-05,1.1827729E-05,1.1934579E-05,1.2042564E-05,1.2153351E-05,1.2266778E-05,1.2379517E-05,1.2492118E-05,1.2606579E-05,1.2721920E-05,1.2837364E-05,1.2955511E-05,1.3074255E-05,1.3192355E-05
1.3311715E-05,1.3427262E-05,1.3530715E-05,1.3621043E-05,1.3706752E-05,1.3803710E-05,1.3928219E-05,1.4083045E-05,1.4254409E-05,1.4435214E-05,1.4624175E-05,1.4811349E-05,1.5005225E-05,1.5214900E-05,1.5414795E-05,1.5582991E-05,1.5715934E-05,1.5810227E-05,1.5870130E-05,1.5901753E-05,1.5899899E-05,1.5850092E-05,1.5772061E-05,1.5692844E-05,1.5609656E-05,1.5530075E-05,1.5468966E-05,1.5434305E-05,1.5443338E-05,1.5505302E-05,1.5589812E-05,1.5669000E-05,1.5741587E-05,1.5808711E-05,1.5864314E-05,1.5902544E-05
1.5927581E-05,1.5948999E-05,1.5964164E-05,1.5957070E-05,1.5924583E-05,1.5893051E-05,1.5882149E-05,1.5882215E-05,1.5881311E-05,1.5875694E-05,1.5864303E-05,1.5842734E-05,1.5820206E-05,1.5808610E-05,1.5812906E-05,1.5836687E-05,1.5884496E-05,1.5943728E-05,1.5989510E-05,1.6026672E-05,1.6088297E-05,1.6189886E-05,1.6275240E-05,1.6353459E-05,1.6447904E-05,1.6524915E-05,1.6585933E-05,1.6630360E-05,1.6656135E-05,1.6658800E-05,1.6620110E-05,1.6524389E-05,1.6369293E-05,1.6177846E-05,1.5990527E-05,1.5848036E-05
1.5800120E-05,1.5869769E-05,1.6035287E-05,1.6220436E-05,1.6350465E-05,1.6429405E-05,1.6462767E-05,1.6440148E-05,1.6388354E-05,1.6327225E-05,1.6256921E-05,1.6192896E-05,1.6145388E-05,1.6103304E-05,1.6071961E-05,1.6069995E-05,1.6097974E-05,1.6146443E-05,1.6213135E-05,1.6292068E-05,1.6371157E-05,1.6437525E-05,1.6480601E-05,1.6499156E-05,1.6496788E-05,1.6480959E-05,1.6462196E-05,1.6446773E-05,1.6434691E-05,1.6425045E-05,1.6417536E-05,1.6412157E-05,1.6410364E-05,1.6412798E-05,1.6418902E-05,1.6427255E-05
1.6435872E-05,1.6443606E-05,1.6449996E-05,1.6454536E-05,1.6457125E-05,1.6456866E-05,1.6453347E-05,1.6446520E-05,1.6436576E-05,1.6425160E-05,1.6413824E-05,1.6402393E-05,1.6390391E-05,1.6377226E-05,1.6361306E-05,1.6343232E-05,1.6323627E-05,1.6301345E-05,1.6276203E-05,1.6248081E-05,1.6216709E-05,1.6179747E-05,1.6136286E-05,1.6087881E-05,1.6034226E-05,1.5974980E-05,1.5910600E-05,1.5841199E-05,1.5767482E-05,1.5688836E-05,1.5605128E-05,1.5517384E-05,1.5425729E-05,1.5330663E-05,1.5232461E-05,1.5132673E-05
1.5032343E-05,1.4931144E-05,1.4829955E-05,1.4730039E-05,1.4632260E-05,1.4537061E-05,1.4445148E-05,1.4358354E-05,1.4278261E-05,1.4205868E-05,1.4139720E-05,1.4077095E-05,1.4018160E-05,1.3965739E-05,1.3922132E-05,1.3888087E-05,1.3863402E-05,1.3846752E-05,1.3836142E-05,1.3830548E-05,1.3829549E-05,1.3833167E-05,1.3842560E-05,1.3858875E-05,1.3882403E-05,1.3912871E-05,1.3949299E-05,1.3991465E-05,1.4038837E-05,1.4088866E-05,1.4139445E-05,1.4189627E-05,1.4237923E-05,1.4283026E-05,1.4323018E-05,1.4356114E-05
1.4381738E-05,1.4399203E-05,1.4408728E-05,1.4411155E-05,1.4406804E-05,1.4395618E-05,1.4377403E-05,1.4351724E-05,1.4319110E-05,1.4280025E-05,1.4233050E-05,1.4177217E-05,1.4112653E-05,1.4038358E-05,1.3954159E-05,1.3860711E-05,1.3758160E-05,1.3646094E-05,1.3524244E-05,1.3393700E-05,1.3256375E-05,1.3112569E-05,1.2962905E-05,1.2809047E-05,1.2651307E-05,1.2489939E-05,1.2324326E-05,1.2153691E-05,1.1978210E-05,1.1798255E-05,1.1615067E-05,1.1429459E-05,1.1242232E-05,1.1055326E-05,1.0869504E-05,1.0686161E-05
1.0507361E-05,1.0333460E-05,1.0165905E-05,1.0006254E-05,9.8552291E-06,9.7151333E-06,9.5872956E-06,9.4715360E-06,9.3672670E-06,9.2726823E-06,9.1858465E-06,9.1050515E-06,9.0283984E-06,8.9554396E-06,8.8857669E-06,8.8188544E-06,8.7558919E-06,8.6965356E-06,8.6404834E-06,8.5877000E-06,8.5376268E-06,8.4899448E-06,8.4434605E-06,8.3974437E-06,8.3514160E-06,8.3048635E-06,8.2581764E-06,8.2112419E-06,8.1642611E-06,8.1175522E-06,8.0706204E-06,8.0236095E-06,7.9763122E-06,7.9288839E-06,7.8821004E-06,7.8359080E-06
7.7904961E-06,7.7463355E-06,7.7031345E-06,7.6612605E-06,7.6206184E-06,7.5813418E-06,7.5441840E-06,7.5090361E-06,7.4761292E-06,7.4458135E-06,7.4176123E-06,7.3911824E-06,7.3667743E-06,7.3438900E-06,7.3223946E-06,7.3026367E-06,7.2842017E-06,7.2667012E-06,7.2505791E-06,7.2358061E-06,7.2222188E-06,7.2098987E-06,7.1981922E-06,7.1875274E-06,7.1780646E-06,7.1694917E-06,7.1620789E-06,7.1561540E-06,7.1518034E-06,7.1485956E-06,7.1460590E-06,7.1434315E-06,7.1404638E-06,7.1374711E-06,7.1344766E-06,7.1312406E-06
7.1280838E-06,7.1249119E-06,7.1218128E-06,7.1188188E-06,7.1158779E-06,7.1133377E-06,7.1108466E-06,7.1084451E-06,7.1057780E-06,7.1024206E-06,7.0988476E-06,7.0949345E-06,7.0907140E-06,7.0866386E-06,7.0822816E-06,7.0777642E-06,7.0735418E-06,7.0695360E-06,7.0663514E-06,7.0635442E-06,7.0604574E-06,7.0574006E-06,7.0539259E-06,7.0497604E-06,7.0450596E-06,7.0407077E-06,7.0371248E-06,7.0331803E-06,7.0297533E-06,7.0284441E-06,7.0292644E-06,7.0311648E-06,7.0310825E-06,7.0287488E-06,7.0253263E-06,7.0206211E-06
7.0145529E-06,7.0059846E-06,6.9959251E-06,6.9838193E-06,6.9682578E-06,6.9493085E-06,6.9238354E-06,6.8918084E-06,6.8579861E-06,6.8235199E-06,6.7874325E-06,6.7510464E-06,6.7178998E-06,6.6971229E-06,6.6986995E-06,6.7269361E-06,6.7749324E-06,6.8332902E-06,6.8909435E-06,6.9426028E-06,6.9872522E-06,7.0136334E-06,7.0219667E-06,7.0222759E-06,7.0074611E-06,6.9697157E-06,6.9167850E-06,6.8573163E-06,6.7968485E-06,6.7417059E-06,6.7066690E-06,6.7061374E-06,6.7417745E-06,6.7985115E-06,6.8559957E-06,6.9000439E-06
6.9231587E-06,6.9321086E-06,6.9328721E-06,6.9194834E-06,6.9006114E-06,6.8904010E-06,6.8869376E-06,6.8872487E-06,6.8892905E-06,6.8897316E-06,6.8871686E-06,6.8829268E-06,6.8794729E-06,6.8760587E-06,6.8693134E-06,6.8596332E-06,6.8504205E-06,6.8423651E-06,6.8359000E-06,6.8297245E-06,6.8235076E-06,6.8185786E-06,6.8146492E-06,6.8135541E-06,6.8144086E-06,6.8141126E-06,6.8080826E-06,6.7882406E-06,6.7725009E-06,6.7848773E-06,6.7992405E-06,6.7861683E-06,6.7672518E-06,6.7562382E-06,6.7414089E-06,6.7220230E-06
6.7016967E-06,6.6793432E-06,6.6543421E-06,6.6274001E-06,6.5955173E-06,6.5536519E-06,6.4997653E-06,6.4387200E-06,6.3788002E-06,6.3253296E-06,6.2867016E-06,6.2727440E-06,6.2850436E-06,6.3166208E-06,6.3546754E-06,6.3879061E-06,6.4134592E-06,6.4204000E-06,6.4057726E-06,6.3788252E-06,6.3325483E-06,6.2684053E-06,6.2009858E-06,6.1426749E-06,6.0981933E-06,6.0663333E-06,6.0532543E-06,6.0603079E-06,6.0749803E-06,6.0907623E-06,6.1100172E-06,6.1274636E-06,6.1337087E-06,6.1293381E-06,6.1197265E-06,6.1064884E-06
6.0925518E-06,6.0803295E-06,6.0683269E-06,6.0569041E-06,6.0462789E-06,6.0363004E-06,6.0272455E-06,6.0189027E-06,6.0111934E-06,6.0039438E-06,5.9968797E-06,5.9902800E-06,5.9840891E-06,5.9771992E-06,5.9704625E-06,5.9646140E-06,5.9587555E-06,5.9518361E-06,5.9428094E-06,5.9323556E-06,5.9211275E-06,5.9095837E-06,5.8979640E-06,5.8861992E-06,5.8743381E-06,5.8622618E-06,5.8504365E-06,5.8387695E-06,5.8268874E-06,5.8154033E-06,5.8041232E-06,5.7932430E-06,5.7826855E-06,5.7720340E-06,5.7615325E-06,5.7509255E-06
5.7407105E-06,5.7309376E-06,5.7215043E-06,5.7125258E-06,5.7038615E-06,5.6956692E-06,5.6876179E-06,5.6795511E-06,5.6715667E-06,5.6636813E-06,5.6559538E-06,5.6481495E-06,5.6402969E-06,5.6325603E-06,5.6248054E-06,5.6170888E-06,5.6094677E-06,5.6019185E-06,5.5944010E-06,5.5868522E-06,5.5796163E-06,5.5723740E-06,5.5649166E-06,5.5576634E-06,5.5503938E-06,5.5431988E-06,5.5363448E-06,5.5294545E-06,5.5225128E-06,5.5158830E-06,5.5092491E-06,5.5026594E-06,5.4963921E-06,5.4901702E-06,5.4839911E-06,5.4776560E-06
5.4714169E-06,5.4655575E-06,5.4596030E-06,5.4535540E-06,5.4476145E-06,5.4419529E-06,5.4364073E-06,5.4307925E-06,5.4253269E-06,5.4197135E-06,5.4142333E-06,5.4089346E-06,5.4035472E-06,5.3983786E-06,5.3931367E-06,5.3878084E-06,5.3825815E-06,5.3775616E-06,5.3725648E-06,5.3676158E-06,5.3627346E-06,5.3579020E-06,5.3531371E-06,5.3484109E-06,5.3437307E-06,5.3389299E-06,5.3342278E-06,5.3294857E-06,5.3248136E-06,5.3201206E-06,5.3151448E-06,5.3098797E-06,5.3044992E-06,5.2992950E-06,5.2942560E-06,5.2895407E-06
5.2850464E-06,5.2807773E-06,5.2767959E-06,5.2731066E-06,5.2695277E-06,5.2658233E-06,5.2618689E-06,5.2575665E-06,5.2531527E-06,5.2485216E-06,5.2436544E-06,5.2388650E-06,5.2338855E-06,5.2284545E-06,5.2227051E-06,5.2170503E-06,5.2113842E-06,5.2050636E-06,5.1982697E-06,5.1914208E-06,5.1855254E-06,5.1809088E-06,5.1775578E-06,5.1753263E-06,5.1731740E-06,5.1711718E-06,5.1711172E-06,5.1706061E-06,5.1693505E-06,5.1650318E-06,5.1578590E-06,5.1539259E-06,5.1511024E-06,5.1471384E-06,5.1443581E-06,5.1430743E-06
5.1456900E-06,5.1613670E-06,5.1566099E-06,5.1393831E-06,5.1403103E-06,5.1414886E-06,5.1423453E-06,5.1439874E-06,5.1445977E-06,5.1447705E-06,5.1446673E-06,5.1439219E-06,5.1431348E-06,5.1416805E-06,5.1400657E-06,5.1385123E-06,5.1367315E-06,5.1349916E-06,5.1332445E-06,5.1314605E-06,5.1296911E-06,5.1277298E-06,5.1257603E-06,5.1239572E-06,5.1220322E-06,5.1202355E-06,5.1185325E-06,5.1166508E-06,5.1148395E-06,5.1127363E-06,5.1108782E-06,5.1090506E-06,5.1069078E-06,5.1052284E-06,5.1033512E-06,5.1014490E-06
5.0997028E-06,5.0977833E-06,5.0960525E-06,5.0942444E-06,5.0923272E-06,5.0905701E-06,5.0888534E-06,5.0871013E-06,5.0855001E-06,5.0838726E-06,5.0823478E-06,5.0808057E-06,5.0793228E-06,5.0779849E-06,5.0765698E-06,5.0756284E-06,5.0741974E-06,5.0724848E-06,5.0711342E-06,5.0697618E-06,5.0685680E-06,5.0671074E-06,5.0656131E-06,5.0643248E-06,5.0629060E-06,5.0616568E-06,5.0605436E-06,5.0591743E-06,5.0577150E-06,5.0563517E-06,5.0549643E-06,5.0537251E-06,5.0524845E-06,5.0511735E-06,5.0498547E-06,5.0485178E-06
5.0471849E-06,5.0459180E-06,5.0447688E-06,5.0434828E-06,5.0422877E-06,5.0410031E-06,5.0397398E-06,5.0386648E-06,5.0374338E-06,5.0362528E-06,5.0352692E-06,5.0341710E-06,5.0328781E-06,5.0317130E-06,5.0306130E-06,5.0294607E-06,5.0283656E-06,5.0272561E-06,5.0262561E-06,5.0251010E-06,5.0238614E-06,5.0229569E-06,5.0220688E-06,5.0211706E-06,5.0201734E-06,5.0192079E-06,5.0184385E-06,5.0174522E-06,5.0165390E-06,5.0157619E-06,5.0148005E-06,5.0141739E-06,5.0135868E-06,5.0128619E-06,5.0123713E-06,5.0118683E-06
5.0113094E-06,5.0106078E-06,5.0101644E-06,5.0098420E-06,5.0091648E-06,5.0086855E-06,5.0082253E-06,5.0078193E-06,5.0073609E-06,5.0067392E-06,5.0063536E-06,5.0059680E-06,5.0054950E-06,5.0050216E-06,5.0042963E-06,5.0034127E-06,5.0026601E-06,5.0017534E-06,5.0006533E-06,4.9992150E-06,4.9978930E-06,4.9962878E-06,4.9942537E-06,4.9924738E-06,4.9903469E-06,4.9879559E-06,4.9856858E-06,4.9831219E-06,4.9802848E-06,4.9770920E-06,4.9736714E-06,4.9707837E-06,4.9686500E-06,4.9675996E-06,4.9670944E-06,4.9663727E-06
4.9659056E-06,4.9655014E-06,4.9650430E-06,4.9646565E-06,4.9642995E-06,4.9640471E-06,4.9637297E-06,4.9635155E-06,4.9633281E-06,4.9630762E-06,4.9628720E-06,4.9626865E-06,4.9625864E-06,4.9624705E-06,4.9622208E-06,4.9620107E-06,4.9619898E-06,4.9618675E-06,4.9616374E-06,4.9615501E-06,4.9615019E-06,4.9613955E-06,4.9612945E-06,4.9611681E-06,4.9610803E-06,4.9610221E-06,4.9607588E-06,4.9608484E-06,4.9609557E-06,4.9607552E-06,4.9608320E-06,4.9607083E-06,4.9605451E-06,4.9605132E-06,4.9605082E-06,4.9605278E-06
4.9603318E-06,4.9602449E-06,4.9602613E-06,4.9601822E-06,4.9601067E-06,4.9599807E-06,4.9599139E-06,4.9599662E-06,4.9600103E-06,4.9599721E-06,4.9599967E-06,4.9600549E-06,4.9600903E-06,4.9601772E-06,4.9602031E-06,4.9601736E-06,4.9601745E-06,4.9602377E-06,4.9602486E-06,4.9603377E-06,4.9604105E-06,4.9603241E-06,4.9603377E-06,4.9603377E-06,4.9603836E-06,4.9604873E-06,4.9605628E-06,4.9605637E-06,4.9606479E-06,4.9609794E-06,4.9611244E-06,4.9611435E-06,4.9611740E-06,4.9611235E-06,4.9612731E-06,4.9614659E-06
4.9614991E-06,4.9615646E-06,4.9617565E-06,4.9619380E-06,4.9619612E-06,4.9620603E-06,4.9621553E-06,4.9622245E-06,4.9623459E-06,4.9625337E-06,4.9626483E-06,4.9627101E-06,4.9628834E-06,4.9629475E-06,4.9629066E-06,4.9630189E-06,4.9631144E-06,4.9630685E-06,4.9631735E-06,4.9633618E-06,4.9633209E-06,4.9632404E-06,4.9634145E-06,4.9635173E-06,4.9633600E-06,4.9634468E-06,4.9636083E-06,4.9634887E-06,4.9634982E-06,4.9635269E-06,4.9635269E-06,4.9635973E-06,4.9636815E-06,4.9636205E-06,4.9635441E-06,4.9635737E-06
4.9636346E-06,4.9635714E-06,4.9634245E-06,4.9633600E-06,4.9633863E-06,4.9633131E-06,4.9631326E-06,4.9631144E-06,4.9631080E-06,4.9630412E-06,4.9628893E-06,4.9627802E-06,4.9625901E-06,4.9624336E-06,4.9623914E-06,4.9621281E-06,4.9617392E-06,4.9616019E-06,4.9613768E-06,4.9609443E-06,4.9607206E-06,4.9605142E-06,4.9602650E-06,4.9599289E-06,4.9596074E-06,4.9592309E-06,4.9589294E-06,4.9586338E-06,4.9581577E-06,4.9577920E-06,4.9574378E-06,4.9570308E-06,4.9565861E-06,4.9561381E-06,4.9556261E-06,4.9551281E-06
4.9547516E-06,4.9543510E-06,4.9537502E-06,4.9532932E-06,4.9528649E-06,4.9522737E-06,4.9519958E-06,4.9515061E-06,4.9507821E-06,4.9501177E-06,4.9494752E-06,4.9490709E-06,4.9485116E-06,4.9477708E-06,4.9471373E-06,4.9464061E-06,4.9456949E-06,4.9453083E-06,4.9446749E-06,4.9437986E-06,4.9429668E-06,4.9421696E-06,4.9413866E-06,4.9408277E-06,4.9400132E-06,4.9388991E-06,4.9380624E-06,4.9371256E-06,4.9361815E-06,4.9353380E-06,4.9343421E-06,4.9332557E-06,4.9323994E-06,4.9314108E-06,4.9303139E-06,4.9293044E-06
4.9282635E-06,4.9271935E-06,4.9260311E-06,4.9249197E-06,4.9238129E-06,4.9225400E-06,4.9213677E-06,4.9200862E-06,4.9186910E-06,4.9173723E-06,4.9158666E-06,4.9145492E-06,4.9131518E-06,4.9116575E-06,4.9103714E-06,4.9089531E-06,4.9073551E-06,4.9049936E-06,4.9016294E-06,4.8984784E-06,4.8960228E-06,4.8936581E-06,4.8911888E-06,4.8887782E-06,4.8863362E-06,4.8840434E-06,4.8817892E-06,4.8794354E-06,4.8770148E-06,4.8746056E-06,4.8724974E-06,4.8704501E-06,4.8685406E-06,4.8667748E-06,4.8651182E-06,4.8636239E-06
4.8620100E-06,4.8606780E-06,4.8599859E-06,4.8595330E-06,4.8589804E-06,4.8578954E-06,4.8566635E-06,4.8553193E-06,4.8536685E-06,4.8519641E-06,4.8501383E-06,4.8484353E-06,4.8467350E-06,4.8449979E-06,4.8432653E-06,4.8414518E-06,4.8396755E-06,4.8381362E-06,4.8364805E-06,4.8345637E-06,4.8326719E-06,4.8307975E-06,4.8288625E-06,4.8269608E-06,4.8250949E-06,4.8232787E-06,4.8215152E-06,4.8196139E-06,4.8178208E-06,4.8161114E-06,4.8145866E-06,4.8131819E-06,4.8117026E-06,4.8103002E-06,4.8089364E-06,4.8074767E-06
4.8060929E-06,4.8046759E-06,4.8031902E-06,4.8016986E-06,4.8001307E-06,4.7986146E-06,4.7968833E-06,4.7952449E-06,4.7934573E-06,4.7917756E-06,4.7903445E-06,4.7887715E-06,4.7874360E-06,4.7860158E-06,4.7845674E-06,4.7831581E-06,4.7816952E-06,4.7801786E-06,4.7786093E-06,4.7770745E-06,4.7755880E-06,4.7739895E-06,4.7724779E-06,4.7709473E-06,4.7694139E-06,4.7679355E-06,4.7663420E-06,4.7648168E-06,4.7633112E-06,4.7618132E-06,4.7603280E-06,4.7588032E-06,4.7572794E-06,4.7557360E-06,4.7541694E-06,4.7526951E-06
4.7511498E-06,4.7497338E-06,4.7483932E-06,4.7469980E-06,4.7455496E-06,4.7442004E-06,4.7428125E-06,4.7413828E-06,4.7401213E-06,4.7388198E-06,4.7375756E-06,4.7363992E-06,4.7351550E-06,4.7338667E-06,4.7326694E-06,4.7315234E-06,4.7304065E-06,4.7291819E-06,4.7279314E-06,4.7268268E-06,4.7257590E-06,4.7245298E-06,4.7234002E-06,4.7222438E-06,4.7210228E-06,4.7198982E-06,4.7188246E-06,4.7177350E-06,4.7167414E-06,4.7157578E-06,4.7146491E-06,4.7135986E-06,4.7125104E-06,4.7115627E-06,4.7106064E-06,4.7096969E-06
4.7088233E-06,4.7078433E-06,4.7069748E-06,4.7062472E-06,4.7054586E-06,4.7047069E-06,4.7039298E-06,4.7031303E-06,4.7024323E-06,4.7017661E-06,4.7010153E-06,4.7002995E-06,4.6996520E-06,4.6989762E-06,4.6983428E-06,4.6977530E-06,4.6972536E-06,4.6965429E-06,4.6958439E-06,4.6953705E-06,4.6947393E-06,4.6941573E-06,4.6937680E-06,4.6931714E-06,4.6926384E-06,4.6921923E-06,4.6916502E-06,4.6911509E-06,4.6905970E-06,4.6901596E-06,4.6898444E-06,4.6894111E-06,4.6890154E-06,4.6885916E-06,4.6881209E-06,4.6877294E-06
4.6874193E-06,4.6870832E-06,4.6866694E-06,4.6862601E-06,4.6859868E-06,4.6856285E-06,4.6849996E-06,4.6846426E-06,4.6843447E-06,4.6838481E-06,4.6834539E-06,4.6830819E-06,4.6827668E-06,4.6824948E-06,4.6822256E-06,4.6820414E-06,4.6817013E-06,4.6813252E-06,4.6809009E-06,4.6803902E-06,4.6799814E-06,4.6794676E-06,4.6790315E-06,4.6785753E-06,4.6779314E-06,4.6774644E-06,4.6771197E-06,4.6765022E-06,4.6759110E-06,4.6754308E-06,4.6749801E-06,4.6745513E-06,4.6739542E-06,4.6734972E-06,4.6729806E-06,4.6725554E-06
4.6721834E-06,4.6715522E-06,4.6710443E-06,4.6705895E-06,4.6700547E-06,4.6696118E-06,4.6692671E-06,4.6689556E-06,4.6685172E-06,4.6679934E-06,4.6674204E-06,4.6667815E-06,4.6659011E-06,4.6646546E-06,4.6628952E-06,4.6609434E-06,4.6601062E-06,4.6584196E-06,4.6567366E-06,4.6568166E-06,4.6572864E-06,4.6581058E-06,4.6592104E-06,4.6606856E-06,4.6622586E-06,4.6634968E-06,4.6641767E-06,4.6641071E-06,4.6637069E-06,4.6633822E-06,4.6627902E-06,4.6620412E-06,4.6609948E-06,4.6656432E-06,4.6686332E-06,4.6607252E-06
4.6539526E-06,4.6507225E-06,4.6468699E-06,4.6434397E-06,4.6402888E-06,4.6375767E-06,4.6355881E-06,4.6346922E-06,4.6341352E-06,4.6335913E-06,4.6327918E-06,4.6316377E-06,4.6307432E-06,4.6300993E-06,4.6294149E-06,4.6284795E-06,4.6275736E-06,4.6263704E-06,4.6251444E-06,4.6242449E-06,4.6235355E-06,4.6227469E-06,4.6219466E-06,4.6210862E-06,4.6202986E-06,4.6196073E-06,4.6189311E-06,4.6184396E-06,4.6176192E-06,4.6168011E-06,4.6159844E-06,4.6151977E-06,4.6144755E-06,4.6137084E-06,4.6129066E-06,4.6121131E-06
4.6115138E-06,4.6108762E-06,4.6104624E-06,4.6099385E-06,4.6089472E-06,4.6075520E-06,4.6062005E-06,4.6052924E-06,4.6045766E-06,4.6037326E-06,4.6025953E-06,4.6015607E-06,4.6008363E-06,4.6001114E-06,4.5991155E-06,4.5978659E-06,4.5964916E-06,4.5949391E-06,4.5932461E-06,4.5916718E-06,4.5899615E-06,4.5880515E-06,4.5861002E-06,4.5844995E-06,4.5834167E-06,4.5824922E-06,4.5815650E-06,4.5809129E-06,4.5802371E-06,4.5794081E-06,4.5787779E-06,4.5780821E-06,4.5771353E-06,4.5760557E-06,4.5748620E-06,4.5737570E-06
4.5728352E-06,4.5716938E-06,4.5706211E-06,4.5694992E-06,4.5683669E-06,4.5674542E-06,4.5663169E-06,4.5650986E-06,4.5640413E-06,4.5628403E-06,4.5617612E-06,4.5609545E-06,4.5599040E-06,4.5587008E-06,4.5575407E-06,4.5565171E-06,4.5558909E-06,4.5552606E-06,4.5545389E-06,4.5539141E-06,4.5529796E-06,4.5518873E-06,4.5508950E-06,4.5499287E-06,4.5490024E-06,4.5478087E-06,4.5467432E-06,4.5458287E-06,4.5448573E-06,4.5438715E-06,4.5429438E-06,4.5421389E-06,4.5413162E-06,4.5406587E-06,4.5401584E-06,4.5394959E-06
4.5386382E-06,4.5379029E-06,4.5375164E-06,4.5374286E-06,4.5371571E-06,4.5365737E-06,4.5359275E-06,4.5356646E-06,4.5354154E-06,4.5347783E-06,4.5337092E-06,4.5327542E-06,4.5320180E-06,4.5311185E-06,4.5305705E-06,4.5303473E-06,4.5299557E-06,4.5292859E-06,4.5284382E-06,4.5275337E-06,4.5267184E-06,4.5257875E-06,4.5249662E-06,4.5244756E-06,4.5240545E-06,4.5238598E-06,4.5240217E-06,4.5244078E-06,4.5251722E-06,4.5259644E-06,4.5262436E-06,4.5260053E-06,4.5253846E-06,4.5248166E-06,4.5244114E-06,4.5237325E-06
4.5230249E-06,4.5223710E-06,4.5214706E-06,4.5206007E-06,4.5198453E-06,4.5190623E-06,4.5182019E-06,4.5173047E-06,4.5163756E-06,4.5152810E-06,4.5140055E-06,4.5127776E-06,4.5115885E-06,4.5102629E-06,4.5087700E-06,4.5072811E-06,4.5059542E-06,4.5046913E-06,4.5032489E-06,4.5016168E-06,4.4998533E-06,4.4978929E-06,4.4955436E-06,4.4925669E-06,4.4891703E-06,4.4853919E-06,4.4808294E-06,4.4752132E-06,4.4693575E-06,4.4637304E-06,4.4586877E-06,4.4548760E-06,4.4520325E-06,4.4499329E-06,4.4483468E-06,4.4475123E-06
4.4473059E-06,4.4470689E-06,4.4466374E-06,4.4460048E-06,4.4451967E-06,4.4443295E-06,4.4437770E-06,4.4442440E-06,4.4463272E-06,4.4494018E-06,4.4506201E-06,4.4520716E-06,4.4587950E-06,4.4688250E-06,4.4738381E-06,4.4672665E-06,4.4522972E-06,4.4374146E-06,4.4285239E-06,4.4278877E-06,4.4320473E-06,4.4363296E-06,4.4407334E-06,4.4467142E-06,4.4541430E-06,4.4613407E-06,4.4667022E-06,4.4678059E-06,4.4650342E-06,4.4616136E-06,4.4591388E-06,4.4583057E-06,4.4589347E-06,4.4601529E-06,4.4611602E-06,4.4616672E-06
4.4615963E-06,4.4603953E-06,4.4584713E-06,4.4564240E-06,4.4534336E-06,4.4492549E-06,4.4456474E-06,4.4431008E-06,4.4417184E-06,4.4434387E-06,4.4484491E-06,4.4565959E-06,4.4654112E-06,4.4683529E-06,4.4644039E-06,4.4591648E-06,4.4565108E-06,4.4568796E-06,4.4599874E-06,4.4653739E-06,4.4721851E-06,4.4787462E-06,4.4828680E-06,4.4841686E-06,4.4839817E-06,4.4829781E-06,4.4814151E-06,4.4799472E-06,4.4788167E-06,4.4776430E-06,4.4763142E-06,4.4750477E-06,4.4741732E-06,4.4733265E-06,4.4725371E-06,4.4720773E-06
4.4714716E-06,4.4709886E-06,4.4706094E-06,4.4701674E-06,4.4696681E-06,4.4690673E-06,4.4684898E-06,4.4679205E-06,4.4672197E-06,4.4664475E-06,4.4656645E-06,4.4647982E-06,4.4638587E-06,4.4628100E-06,4.4620119E-06,4.4613271E-06,4.4603298E-06,4.4594130E-06,4.4586618E-06,4.4579538E-06,4.4572594E-06,4.4565750E-06,4.4559256E-06,4.4551598E-06,4.4544286E-06,4.4538219E-06,4.4532003E-06,4.4525873E-06,4.4519138E-06,4.4510652E-06,4.4502681E-06,4.4496810E-06,4.4491830E-06,4.4486096E-06,4.4479457E-06,4.4473822E-06
4.4468065E-06,4.4462813E-06,4.4461258E-06,4.4459816E-06,4.4456378E-06,4.4450840E-06,4.4444223E-06,4.4438598E-06,4.4433373E-06,4.4430099E-06,4.4426379E-06,4.4419730E-06,4.4412550E-06,4.4406343E-06,4.4402304E-06,4.4398648E-06,4.4394324E-06,4.4390331E-06,4.4387234E-06,4.4385069E-06,4.4382546E-06,4.4379358E-06,4.4377275E-06,4.4374174E-06,4.4370586E-06,4.4368080E-06,4.4364001E-06,4.4359367E-06,4.4355315E-06,4.4351582E-06,4.4349163E-06,4.4347876E-06,4.4346566E-06,4.4342860E-06,4.4339263E-06,4.4338262E-06
1.5053865E-05,1.5001528E-05,1.4951101E-05,1.4902476E-05,1.4853069E-05,1.4803015E-05,1.4753922E-05,1.4706060E-05,1.4659603E-05,1.4616364E-05,1.4577823E-05,1.4543732E-05,1.4513351E-05,1.4486451E-05,1.4462638E-05,1.4440511E-05,1.4420413E-05,1.4402842E-05,1.4387219E-05,1.4373615E-05,1.4363291E-05,1.4358051E-05,1.4358143E-05,1.4362184E-05,1.4370202E-05,1.4383709E-05,1.4402881E-05,1.4426378E-05,1.4453155E-05,1.4482763E-05,1.4514304E-05,1.4546917E-05,1.4581035E-05,1.4617222E-05,1.4654463E-05,1.4692258E-05
1.4731762E-05,1.4771921E-05,1.4812493E-05,1.4853083E-05,1.4892995E-05,1.4932922E-05,1.4972112E-05,1.5011139E-05,1.5051599E-05,1.5091690E-05,1.5129700E-05,1.5166551E-05,1.5202540E-05,1.5237950E-05,1.5272208E-05,1.5306759E-05,1.5344076E-05,1.5384323E-05,1.5427388E-05,1.5473190E-05,1.5520443E-05,1.5567151E-05,1.5612786E-05,1.5657984E-05,1.5701866E-05,1.5743934E-05,1.5785479E-05,1.5827343E-05,1.5866173E-05,1.5904026E-05,1.5949045E-05,1.5997470E-05,1.6040291E-05,1.6076596E-05,1.6109914E-05,1.6139682E-05
1.6163607E-05,1.6176935E-05,1.6178004E-05,1.6174155E-05,1.6165457E-05,1.6148733E-05,1.6121940E-05,1.6077336E-05,1.6012806E-05,1.5929874E-05,1.5828649E-05,1.5715386E-05,1.5593829E-05,1.5468366E-05,1.5344756E-05,1.5223064E-05,1.5103761E-05,1.4985540E-05,1.4867857E-05,1.4750955E-05,1.4633384E-05,1.4515451E-05,1.4398400E-05,1.4282698E-05,1.4169926E-05,1.4061391E-05,1.3956867E-05,1.3855629E-05,1.3757063E-05,1.3661441E-05,1.3569225E-05,1.3480305E-05,1.3393068E-05,1.3307009E-05,1.3222902E-05,1.3140769E-05
1.3060266E-05,1.2982049E-05,1.2906870E-05,1.2834198E-05,1.2764355E-05,1.2698606E-05,1.2638425E-05,1.2584468E-05,1.2537230E-05,1.2496837E-05,1.2462597E-05,1.2434648E-05,1.2411350E-05,1.2391883E-05,1.2376565E-05,1.2364292E-05,1.2354873E-05,1.2348029E-05,1.2343088E-05,1.2339622E-05,1.2337386E-05,1.2336092E-05,1.2334723E-05,1.2332346E-05,1.2328850E-05,1.2323759E-05,1.2316641E-05,1.2307420E-05,1.2296489E-05,1.2284060E-05,1.2270056E-05,1.2254114E-05,1.2236071E-05,1.2215864E-05,1.2192814E-05,1.2167040E-05
1.2138911E-05,1.2108146E-05,1.2074597E-05,1.2039130E-05,1.2002002E-05,1.1963150E-05,1.1922882E-05,1.1881249E-05,1.1838916E-05,1.1795998E-05,1.1752284E-05,1.1708382E-05,1.1664635E-05,1.1621217E-05,1.1578388E-05,1.1536411E-05,1.1495509E-05,1.1455614E-05,1.1416876E-05,1.1379310E-05,1.1342569E-05,1.1306682E-05,1.1272033E-05,1.1238576E-05,1.1206324E-05,1.1174945E-05,1.1144210E-05,1.1113930E-05,1.1083618E-05,1.1053584E-05,1.1024259E-05,1.0996239E-05,1.0969575E-05,1.0944462E-05,1.0920930E-05,1.0898200E-05
1.0876104E-05,1.0855164E-05,1.0835634E-05,1.0817224E-05,1.0800127E-05,1.0784176E-05,1.0769010E-05,1.0754437E-05,1.0740218E-05,1.0726457E-05,1.0713114E-05,1.0700242E-05,1.0688259E-05,1.0677549E-05,1.0666344E-05,1.0654127E-05,1.0642264E-05,1.0630769E-05,1.0619877E-05,1.0609742E-05,1.0599487E-05,1.0589253E-05,1.0579772E-05,1.0570813E-05,1.0561981E-05,1.0553010E-05,1.0543918E-05,1.0534945E-05,1.0526278E-05,1.0517773E-05,1.0509330E-05,1.0500822E-05,1.0492109E-05,1.0483423E-05,1.0474898E-05,1.0466428E-05
1.0457948E-05,1.0449869E-05,1.0442399E-05,1.0434139E-05,1.0425406E-05,1.0417051E-05,1.0408567E-05,1.0399903E-05,1.0391462E-05,1.0383543E-05,1.0375865E-05,1.0368308E-05,1.0360874E-05,1.0353590E-05,1.0346645E-05,1.0339799E-05,1.0333393E-05,1.0327320E-05,1.0320741E-05,1.0314302E-05,1.0308285E-05,1.0302440E-05,1.0296461E-05,1.0290237E-05,1.0283976E-05,1.0277862E-05,1.0271715E-05,1.0265567E-05,1.0259713E-05,1.0253932E-05,1.0247744E-05,1.0241321E-05,1.0235298E-05,1.0229565E-05,1.0223725E-05,1.0217699E-05
1.0211866E-05,1.0205715E-05,1.0199010E-05,1.0192543E-05,1.0186461E-05,1.0180357E-05,1.0174032E-05,1.0167957E-05,1.0162023E-05,1.0155873E-05,1.0149770E-05,1.0143934E-05,1.0138279E-05,1.0132723E-05,1.0127128E-05,1.0121648E-05,1.0116444E-05,1.0111011E-05,1.0105323E-05,1.0099550E-05,1.0093464E-05,1.0086863E-05,1.0080205E-05,1.0073747E-05,1.0067478E-05,1.0061503E-05,1.0055617E-05,1.0049829E-05,1.0044045E-05,1.0038091E-05,1.0031711E-05,1.0025026E-05,1.0018720E-05,1.0012716E-05,1.0007192E-05,1.0001717E-05
9.9956924E-06,9.9896233E-06,9.9836689E-06,9.9780409E-06,9.9724648E-06,9.9667095E-06,9.9611252E-06,9.9554936E-06,9.9497256E-06,9.9441104E-06,9.9384588E-06,9.9325825E-06,9.9265899E-06,9.9207218E-06,9.9146337E-06,9.9080025E-06,9.9014278E-06,9.8949595E-06,9.8885393E-06,9.8822711E-06,9.8760338E-06,9.8700129E-06,9.8640421E-06,9.8581659E-06,9.8524897E-06,9.8467908E-06,9.8409619E-06,9.8350165E-06,9.8298360E-06,9.8289320E-06,9.8372120E-06,9.8593082E-06,9.8985602E-06,9.9472591E-06,9.9959816E-06,1.0036102E-05
1.0065342E-05,1.0094312E-05,1.0117469E-05,1.0131967E-05,1.0145707E-05,1.0158357E-05,1.0169715E-05,1.0176841E-05,1.0177351E-05,1.0173591E-05,1.0166517E-05,1.0156588E-05,1.0144608E-05,1.0132027E-05,1.0120516E-05,1.0110495E-05,1.0102708E-05,1.0095909E-05,1.0085948E-05,1.0072156E-05,1.0059410E-05,1.0047676E-05,1.0033428E-05,1.0015929E-05,9.9993440E-06,9.9892713E-06,9.9847020E-06,9.9873187E-06,1.0000665E-05,1.0016023E-05,1.0026399E-05,1.0036417E-05,1.0050050E-05,1.0067202E-05,1.0082007E-05,1.0091102E-05
1.2564948E-05,1.2601166E-05,1.2636093E-05,1.2670600E-05,1.2704243E-05,1.2737560E-05,1.2770965E-05,1.2802739E-05
1.2832022E-05,1.2859903E-05,1.2886461E-05,1.2909879E-05,1.2930815E-05,1.2951081E-05,1.2971243E-05,1.2991040E-05
1.3011518E-05,1.3034448E-05,1.3060185E-05,1.3087260E-05,1.3114666E-05,1.3142948E-05,1.3171398E-05,1.3198615E-05
1.3225129E-05,1.3251518E-05,1.3277487E-05,1.3302591E-05,1.3327139E-05,1.3352502E-05,1.3378325E-05,1.3403954E-05
1.3429933E-05,1.3455508E-05,1.3479577E-05,1.3501768E-05,1.3522035E-05,1.3540030E-05,1.3555555E-05,1.3568761E-05
1.3579964E-05,1.3588689E-05,1.3594725E-05,1.3599881E-05,1.3604483E-05,1.3608437E-05,1.3611701E-05,1.3614551E-05
1.3617977E-05,1.3621021E-05,1.3623938E-05,1.3627838E-05,1.3632682E-05,1.3637762E-05,1.3642719E-05,1.3647876E-05
1.3652666E-05,1.3655703E-05,1.3657137E-05,1.3658336E-05,1.3659896E-05,1.3661898E-05,1.3664956E-05,1.3670982E-05
1.3679283E-05,1.3688860E-05,1.3701121E-05,1.3716954E-05,1.3736097E-05,1.3758735E-05,1.3784947E-05,1.3813565E-05
1.3844420E-05,1.3877161E-05,1.3912306E-05,1.3951075E-05,1.3993217E-05,1.4038808E-05,1.4088447E-05,1.4140899E-05
1.4195176E-05,1.4251862E-05,1.4310674E-05,1.4370462E-05,1.4430096E-05,1.4489711E-05,1.4548815E-05,1.4606738E-05
1.4663214E-05,1.4716980E-05,1.4767683E-05,1.4814609E-05,1.4857185E-05,1.4896958E-05,1.4934913E-05,1.4971446E-05
1.5007317E-05,1.5043601E-05,1.5080712E-05,1.5116967E-05,1.5151496E-05,1.5184623E-05,1.5215225E-05,1.5242681E-05
