9.1497905E-06,9.1500469E-06,9.1505826E-06,9.1515822E-06,9.1507309E-06,9.1499241E-06,9.1509273E-06,9.1511229E-06,9.1508946E-06,9.1518732E-06,9.1523780E-06,9.1510701E-06,9.1510674E-06,9.1521824E-06,9.1518168E-06,9.1517422E-06,9.1521906E-06,9.1522379E-06,9.1506981E-06,9.1496240E-06,9.1504489E-06,9.1505253E-06,9.1499332E-06,9.1498205E-06,9.1506317E-06,9.1516777E-06,9.1516649E-06,9.1514785E-06,9.1505417E-06,9.1506590E-06,9.1515994E-06,9.1510747E-06,9.1512702E-06,9.1521715E-06,9.1538141E-06,9.1553857E-06
9.1557185E-06,9.1552265E-06,9.1525562E-06,9.1507863E-06,9.1503043E-06,9.1501361E-06,9.1517331E-06,9.1522461E-06,9.1513484E-06,9.1511783E-06,9.1518677E-06,9.1517750E-06,9.1511874E-06,9.1511210E-06,9.1518787E-06,9.1535803E-06,9.1531019E-06,9.1534976E-06,9.1543106E-06,9.1522561E-06,9.1508109E-06,9.1514248E-06,9.1528436E-06,9.1539778E-06,9.1554812E-06,9.1548281E-06,9.1529910E-06,9.1542161E-06,9.1544452E-06,9.1525744E-06,9.1516858E-06,9.1503807E-06,9.1501342E-06,9.1514785E-06,9.1539250E-06,9.1558495E-06
9.1555148E-06,9.1542433E-06,9.1497850E-06,9.1465672E-06,9.1473703E-06,9.1485454E-06,9.1494785E-06,9.1498186E-06,9.1496549E-06,9.1495285E-06,9.1495203E-06,9.1491693E-06,9.1480351E-06,9.1479796E-06,9.1483389E-06,9.1477150E-06,9.1477214E-06,9.1481461E-06,9.1473385E-06,9.1450656E-06,9.1451893E-06,9.1464744E-06,9.1476149E-06,9.1483953E-06,9.1490956E-06,9.1502343E-06,9.1501888E-06,9.1493766E-06,9.1515121E-06,9.1533229E-06,9.1516058E-06,9.1499096E-06,9.1489783E-06,9.1502634E-06,9.1521651E-06,9.1541360E-06
9.1552047E-06,9.1527909E-06,9.1491702E-06,9.1500206E-06,9.1514676E-06,9.1510938E-06,9.1516576E-06,9.1519905E-06,9.1524989E-06,9.1530665E-06,9.1540605E-06,9.1536140E-06,9.1523943E-06,9.1524480E-06,9.1530292E-06,9.1519932E-06,9.1510574E-06,9.1498359E-06,9.1481816E-06,9.1478623E-06,9.1476268E-06,9.1478978E-06,9.1476495E-06,9.1477232E-06,9.1479496E-06,9.1470747E-06,9.1458705E-06,9.1462016E-06,9.1483544E-06,9.1495513E-06,9.1495967E-06,9.1479187E-06,9.1462371E-06,9.1460442E-06,9.1473785E-06,9.1506072E-06
9.1543325E-06,9.1558822E-06,9.1570118E-06,9.1584043E-06,9.1581933E-06,9.1570992E-06,9.1554730E-06,9.1555603E-06,9.1586198E-06,9.1623406E-06,9.1645770E-06,9.1667407E-06,9.1677539E-06,9.1680340E-06,9.1675174E-06,9.1666607E-06,9.1667898E-06,9.1672055E-06,9.1692764E-06,9.1722413E-06,9.1735346E-06,9.1738211E-06,9.1737602E-06,9.1726879E-06,9.1707952E-06,9.1693591E-06,9.1686334E-06,9.1662223E-06,9.1630854E-06,9.1610136E-06,9.1581032E-06,9.1498578E-06,9.1378570E-06,9.1284701E-06,9.1209440E-06,9.1143347E-06
9.1082347E-06,9.1028487E-06,9.0962321E-06,9.0888216E-06,9.0850817E-06,9.0836074E-06,9.0829544E-06,9.0864114E-06,9.0980129E-06,9.1145466E-06,9.1263955E-06,9.1313304E-06,9.1351740E-06,9.1357515E-06,9.1346574E-06,9.1335960E-06,9.1318016E-06,9.1322499E-06,9.1340516E-06,9.1364400E-06,9.1382835E-06,9.1415031E-06,9.1452675E-06,9.1493803E-06,9.1546699E-06,9.1574057E-06,9.1580687E-06,9.1603406E-06,9.1632319E-06,9.1634374E-06,9.1616366E-06,9.1613192E-06,9.1611873E-06,9.1596494E-06,9.1582915E-06,9.1569091E-06
9.1566881E-06,9.1551619E-06,9.1535112E-06,9.1545498E-06,9.1570246E-06,9.1595848E-06,9.1611992E-06,9.1593256E-06,9.1558686E-06,9.1561151E-06,9.1545426E-06,9.1516877E-06,9.1494558E-06,9.1477386E-06,9.1488391E-06,9.1479824E-06,9.1458241E-06,9.1470729E-06,9.1492575E-06,9.1501442E-06,9.1515330E-06,9.1534994E-06,9.1551274E-06,9.1559686E-06,9.1557586E-06,9.1556431E-06,9.1568445E-06,9.1572920E-06,9.1556312E-06,9.1541760E-06,9.1540160E-06,9.1525808E-06,9.1496950E-06,9.1481170E-06,9.1479196E-06,9.1483753E-06
9.1493885E-06,9.1486227E-06,9.1458860E-06,9.1446491E-06,9.1454867E-06,9.1455213E-06,9.1452130E-06,9.1449710E-06,9.1441771E-06,9.1448246E-06,9.1449874E-06,9.1448355E-06,9.1442744E-06,9.1442635E-06,9.1455122E-06,9.1450538E-06,9.1420188E-06,9.1407319E-06,9.1403226E-06,9.1406055E-06,9.1425290E-06,9.1418915E-06,9.1417087E-06,9.1407564E-06,9.1405282E-06,9.1415504E-06,9.1408938E-06,9.1412321E-06,9.1412958E-06,9.1398251E-06,9.1383681E-06,9.1374395E-06,9.1357042E-06,9.1338470E-06,9.1345601E-06,9.1359361E-06
9.1360671E-06,9.1350421E-06,9.1341872E-06,9.1334186E-06,9.1326628E-06,9.1333850E-06,9.1333923E-06,9.1330075E-06,9.1337688E-06,9.1345146E-06,9.1350694E-06,9.1352203E-06,9.1348684E-06,9.1351412E-06,9.1357324E-06,9.1356223E-06,9.1359370E-06,9.1375268E-06,9.1392876E-06,9.1418624E-06,9.1440079E-06,9.1441943E-06,9.1438305E-06,9.1437387E-06,9.1448310E-06,9.1467255E-06,9.1484526E-06,9.1488182E-06,9.1485053E-06,9.1492775E-06,9.1509200E-06,9.1520878E-06,9.1525999E-06,9.1522033E-06,9.1508382E-06,9.1514312E-06
9.1531292E-06,9.1536685E-06,9.1540969E-06,9.1552383E-06,9.1559959E-06,9.1568054E-06,9.1575575E-06,9.1572783E-06,9.1579077E-06,9.1595421E-06,9.1611782E-06,9.1616439E-06,9.1611828E-06,9.1607917E-06,9.1609545E-06,9.1621659E-06,9.1635047E-06,9.1654847E-06,9.1679431E-06,9.1693455E-06,9.1699994E-06,9.1696929E-06,9.1704096E-06,9.1718048E-06,9.1715801E-06,9.1707661E-06,9.1695583E-06,9.1685833E-06,9.1684014E-06,9.1673282E-06,9.1649790E-06,9.1642996E-06,9.1638030E-06,9.1632828E-06,9.1630536E-06,9.1618149E-06
9.1611146E-06,9.1594684E-06,9.1579286E-06,9.1567035E-06,9.1541378E-06,9.1539823E-06,9.1535812E-06,9.1521560E-06,9.1516349E-06,9.1491611E-06,9.1478932E-06,9.1474931E-06,9.1453621E-06,9.1445108E-06,9.1445563E-06,9.1439706E-06,9.1438433E-06,9.1438778E-06,9.1433430E-06,9.1429165E-06,9.1425127E-06,9.1419761E-06,9.1419970E-06,9.1415968E-06,9.1409674E-06,9.1394604E-06,9.1378242E-06,9.1372394E-06,9.1359525E-06,9.1350448E-06,9.1350012E-06,9.1337179E-06,9.1320344E-06,9.1300608E-06,9.1286874E-06,9.1287293E-06
9.1295642E-06,9.1284073E-06,9.1255561E-06,9.1252987E-06,9.1261845E-06,9.1262709E-06,9.1257807E-06,9.1243983E-06,9.1236989E-06,9.1254978E-06,9.1264510E-06,9.1259826E-06,9.1267229E-06,9.1269776E-06,9.1272832E-06,9.1289867E-06,9.1312722E-06,9.1327720E-06,9.1337015E-06,9.1343827E-06,9.1349639E-06,9.1360198E-06,9.1356896E-06,9.1356042E-06,9.1365819E-06,9.1368010E-06,9.1375150E-06,9.1382026E-06,9.1384436E-06,9.1394586E-06,9.1400097E-06,9.1397915E-06,9.1397678E-06,9.1383854E-06,9.1362972E-06,9.1349366E-06
9.1355123E-06,9.1360680E-06,9.1346119E-06,9.1339207E-06,9.1333613E-06,9.1326801E-06,9.1322099E-06,9.1321081E-06,9.1321363E-06,9.1321599E-06,9.1309257E-06,9.1289157E-06,9.1283791E-06,9.1282409E-06,9.1272195E-06,9.1280826E-06,9.1291667E-06,9.1285665E-06,9.1277870E-06,9.1264510E-06,9.1244901E-06,9.1233178E-06,9.1231186E-06,9.1208394E-06,9.1198008E-06,9.1190895E-06,9.1165375E-06,9.1151596E-06,9.1143993E-06,9.1135644E-06,9.1127194E-06,9.1109241E-06,9.1088696E-06,9.1068859E-06,9.1041320E-06,9.1013362E-06
9.0984167E-06,9.0957510E-06,9.0942303E-06,9.0937592E-06,9.0929570E-06,9.0907342E-06,9.0886206E-06,9.0868434E-06,9.0846242E-06,9.0825097E-06,9.0803460E-06,9.0780741E-06,9.0773274E-06,9.0758504E-06,9.0734875E-06,9.0726271E-06,9.0705562E-06,9.0689018E-06,9.0684234E-06,9.0674666E-06,9.0656895E-06,9.0641733E-06,9.0635413E-06,9.0620970E-06,9.0603162E-06,9.0588755E-06,9.0579188E-06,9.0552412E-06,9.0541953E-06,9.0548237E-06,9.0525036E-06,9.0507647E-06,9.0490976E-06,9.0466574E-06,9.0444191E-06,9.0406756E-06
9.0378617E-06,9.0365902E-06,9.0339063E-06,9.0324820E-06,9.0321073E-06,9.0313697E-06,9.0297553E-06,9.0284357E-06,9.0281956E-06,9.0262847E-06,9.0253470E-06,9.0249223E-06,9.0234098E-06,9.0242584E-06,9.0258827E-06,9.0258918E-06,9.0256926E-06,9.0252679E-06,9.0246658E-06,9.0246103E-06,9.0244821E-06,9.0242065E-06,9.0246276E-06,9.0247659E-06,9.0255626E-06,9.0263775E-06,9.0260082E-06,9.0265521E-06,9.0277135E-06,9.0294488E-06,9.0314597E-06,9.0332378E-06,9.0348612E-06,9.0356289E-06,9.0362673E-06,9.0365784E-06
9.0367494E-06,9.0370249E-06,9.0376452E-06,9.0410922E-06,9.0429876E-06,9.0438825E-06,9.0466055E-06,9.0492322E-06,9.0506510E-06,9.0518815E-06,9.0547328E-06,9.0568201E-06,9.0598096E-06,9.0638377E-06,9.0678477E-06,9.0710091E-06,9.0727844E-06,9.0750873E-06,9.0778285E-06,9.0808789E-06,9.0836602E-06,9.0859821E-06,9.0885123E-06,9.0898993E-06,9.0908461E-06,9.0921030E-06,9.0940593E-06,9.0965368E-06,9.0990070E-06,9.1013235E-06,9.1038728E-06,9.1068314E-06,9.1089123E-06,9.1099218E-06,9.1089578E-06,9.1068878E-06
9.1057636E-06,9.1075335E-06,9.1099137E-06,9.1117663E-06,9.1142192E-06,9.1166903E-06,9.1184302E-06,9.1195980E-06,9.1196452E-06,9.1210650E-06,9.1235806E-06,9.1247966E-06,9.1261027E-06,9.1285347E-06,9.1319289E-06,9.1335332E-06,9.1346746E-06,9.1360762E-06,9.1368092E-06,9.1381680E-06,9.1399252E-06,9.1405063E-06,9.1421725E-06,9.1446318E-06,9.1459333E-06,9.1469064E-06,9.1478150E-06,9.1489637E-06,9.1509337E-06,9.1517422E-06,9.1526508E-06,9.1538377E-06,9.1540660E-06,9.1554239E-06,9.1558868E-06,9.1554712E-06
9.1545098E-06,9.1546226E-06,9.1559541E-06,9.1570782E-06,9.1579186E-06,9.1586889E-06,9.1606862E-06,9.1622824E-06,9.1630627E-06,9.1641705E-06,9.1660659E-06,9.1672273E-06,9.1686952E-06,9.1696284E-06,9.1706315E-06,9.1719985E-06,9.1727788E-06,9.1738029E-06,9.1756829E-06,9.1766105E-06,9.1753318E-06,9.1758829E-06,9.1770771E-06,9.1774300E-06,9.1781576E-06,9.1787433E-06,9.1777974E-06,9.1780212E-06,9.1786578E-06,9.1789361E-06,9.1799457E-06,9.1801985E-06,9.1795655E-06,9.1795264E-06,9.1805923E-06,9.1794218E-06
9.1770835E-06,9.1769680E-06,9.1763795E-06,9.1751408E-06,9.1753218E-06,9.1739539E-06,9.1726279E-06,9.1717766E-06,9.1710544E-06,9.1723759E-06,9.1731299E-06,9.1731435E-06,9.1739603E-06,9.1742231E-06,9.1744969E-06,9.1749134E-06,9.1750180E-06,9.1743050E-06,9.1733964E-06,9.1738684E-06,9.1741122E-06,9.1737029E-06,9.1729389E-06,9.1726106E-06,9.1718330E-06,9.1718675E-06,9.1730017E-06,9.1754509E-06,9.1768552E-06,9.1746679E-06,9.1734164E-06,9.1743741E-06,9.1755419E-06,9.1738620E-06,9.1716838E-06,9.1730517E-06
9.1726879E-06,9.1705770E-06,9.1701104E-06,9.1694592E-06,9.1705069E-06,9.1719048E-06,9.1719057E-06,9.1715074E-06,9.1713400E-06,9.1719003E-06,9.1726306E-06,9.1731290E-06,9.1740776E-06,9.1760985E-06,9.1779793E-06,9.1771008E-06,9.1773727E-06,9.1793745E-06,9.1799302E-06,9.1799120E-06,9.1797001E-06,9.1801630E-06,9.1815045E-06,9.1829615E-06,9.1835855E-06,9.1840566E-06,9.1850388E-06,9.1862130E-06,9.1871489E-06,9.1864531E-06,9.1857282E-06,9.1863549E-06,9.1855991E-06,9.1840939E-06,9.1840220E-06,9.1842830E-06
9.1834145E-06,9.1826096E-06,9.1809970E-06,9.1797119E-06,9.1800575E-06,9.1795528E-06,9.1790107E-06,9.1792517E-06,9.1798602E-06,9.1797492E-06,9.1802258E-06,9.1809197E-06,9.1805923E-06,9.1811762E-06,9.1809434E-06,9.1804604E-06,9.1803167E-06,9.1806660E-06,9.1809197E-06,9.1800402E-06,9.1798165E-06,9.1788697E-06,9.1787324E-06,9.1799811E-06,9.1796319E-06,9.1787369E-06,9.1782549E-06,9.1785869E-06,9.1776692E-06,9.1767588E-06,9.1771944E-06,9.1781321E-06,9.1787215E-06,9.1773845E-06,9.1762749E-06,9.1764696E-06
9.1757702E-06,9.1728098E-06,9.1713255E-06,9.1716074E-06,9.1702404E-06,9.1701331E-06,9.1710126E-06,9.1704660E-06,9.1710881E-06,9.1707507E-06,9.1716929E-06,9.1735228E-06,9.1728962E-06,9.1724378E-06,9.1729571E-06,9.1737174E-06,9.1733264E-06,9.1732036E-06,9.1750726E-06,9.1769862E-06,9.1764086E-06,9.1753209E-06,9.1742659E-06,9.1743559E-06,9.1759894E-06,9.1765751E-06,9.1770917E-06,9.1774018E-06,9.1779257E-06,9.1786715E-06,9.1786251E-06,9.1778866E-06,9.1775873E-06,9.1788370E-06,9.1796610E-06,9.1787851E-06
9.1779493E-06,9.1772845E-06,9.1756128E-06,9.1744496E-06,9.1753291E-06,9.1767597E-06,9.1766506E-06,9.1763468E-06,9.1769680E-06,9.1774491E-06,9.1795127E-06,9.1811507E-06,9.1825177E-06,9.1840066E-06,9.1837383E-06,9.1845713E-06,9.1844204E-06,9.1842585E-06,9.1846323E-06,9.1842576E-06,9.1834727E-06,9.1835009E-06,9.1838292E-06,9.1839283E-06,9.1853972E-06,9.1853417E-06,9.1838801E-06,9.1843367E-06,9.1849324E-06,9.1850188E-06,9.1846177E-06,9.1846023E-06,9.1854763E-06,9.1857864E-06,9.1862676E-06,9.1857510E-06
9.1833990E-06,9.1808051E-06,9.1795882E-06,9.1780621E-06,9.1767451E-06,9.1769170E-06,9.1765596E-06,9.1753336E-06,9.1743705E-06,9.1741631E-06,9.1744268E-06,9.1752208E-06,9.1751235E-06,9.1733473E-06,9.1718348E-06,9.1711618E-06,9.1706615E-06,9.1692163E-06,9.1677957E-06,9.1659840E-06,9.1648453E-06,9.1647498E-06,9.1627735E-06,9.1604224E-06,9.1592565E-06,9.1589409E-06,9.1585562E-06,9.1571810E-06,9.1562533E-06,9.1565225E-06,9.1563725E-06,9.1554721E-06,9.1546599E-06,9.1538986E-06,9.1529419E-06,9.1518659E-06
9.1492120E-06,9.1456895E-06,9.1436495E-06,9.1431193E-06,9.1421225E-06,9.1403472E-06,9.1383608E-06,9.1380452E-06,9.1370757E-06,9.1349020E-06,9.1357642E-06,9.1365446E-06,9.1366664E-06,9.1377879E-06,9.1365573E-06,9.1340580E-06,9.1326319E-06,9.1313786E-06,9.1312204E-06,9.1295587E-06,9.1280135E-06,9.1275497E-06,9.1265329E-06,9.1251031E-06,9.1249858E-06,9.1245074E-06,9.1230904E-06,9.1231359E-06,9.1219217E-06,9.1200491E-06,9.1201873E-06,9.1202510E-06,9.1194697E-06,9.1175698E-06,9.1152679E-06,9.1143429E-06
9.1127604E-06,9.1089932E-06,9.1046368E-06,9.1041802E-06,9.1047977E-06,9.1037436E-06,9.1023003E-06,9.1004003E-06,9.0981357E-06,9.0957128E-06,9.0946323E-06,9.0921967E-06,9.0893391E-06,9.0878184E-06,9.0858275E-06,9.0858421E-06,9.0853464E-06,9.0815984E-06,9.0785834E-06,9.0777685E-06,9.0765679E-06,9.0736485E-06,9.0712501E-06,9.0691810E-06,9.0668809E-06,9.0651310E-06,9.0615231E-06,9.0580042E-06,9.0562517E-06,9.0552367E-06,9.0544727E-06,9.0522817E-06,9.0492622E-06,9.0457815E-06,9.0438943E-06,9.0414287E-06
9.0388557E-06,9.0365829E-06,9.0331860E-06,9.0311669E-06,9.0290059E-06,9.0274570E-06,9.0262547E-06,9.0236926E-06,9.0223639E-06,9.0222129E-06,9.0232306E-06,9.0235444E-06,9.0220228E-06,9.0223302E-06,9.0226358E-06,9.0215581E-06,9.0204548E-06,9.0202538E-06,9.0193162E-06,9.0181675E-06,9.0185940E-06,9.0179437E-06,9.0174590E-06,9.0168924E-06,9.0165377E-06,9.0177709E-06,9.0185567E-06,9.0182775E-06,9.0174553E-06,9.0176609E-06,9.0181611E-06,9.0187868E-06,9.0183503E-06,9.0176463E-06,9.0183785E-06,9.0193125E-06
9.0196208E-06,9.0183266E-06,9.0168578E-06,9.0168733E-06,9.0175545E-06,9.0172625E-06,9.0180638E-06,9.0208305E-06,9.0226194E-06,9.0247668E-06,9.0268122E-06,9.0283720E-06,9.0293252E-06,9.0292515E-06,9.0301855E-06,9.0319281E-06,9.0347248E-06,9.0366229E-06,9.0380354E-06,9.0405292E-06,9.0420572E-06,9.0443191E-06,9.0455987E-06,9.0472686E-06,9.0500280E-06,9.0522390E-06,9.0535714E-06,9.0540461E-06,9.0557560E-06,9.0578451E-06,9.0596914E-06,9.0612721E-06,9.0635422E-06,9.0660987E-06,9.0683370E-06,9.0693466E-06
9.0702142E-06,9.0709846E-06,9.0719886E-06,9.0735657E-06,9.0738131E-06,9.0747017E-06,9.0772919E-06,9.0793546E-06,9.0811745E-06,9.0844687E-06,9.0874946E-06,9.0884660E-06,9.0903695E-06,9.0935919E-06,9.0949143E-06,9.0964922E-06,9.0990634E-06,9.1004367E-06,9.1011916E-06,9.1024085E-06,9.1032525E-06,9.1047705E-06,9.1073907E-06,9.1088477E-06,9.1093361E-06,9.1098927E-06,9.1116544E-06,9.1129568E-06,9.1136426E-06,9.1152406E-06,9.1152287E-06,9.1157544E-06,9.1181091E-06,9.1192651E-06,9.1190268E-06,9.1179909E-06
9.1162865E-06,9.1151824E-06,9.1153006E-06,9.1158936E-06,9.1169222E-06,9.1187730E-06,9.1197908E-06,9.1206284E-06,9.1208931E-06,9.1212214E-06,9.1223828E-06,9.1235915E-06,9.1241045E-06,9.1235197E-06,9.1247457E-06,9.1248830E-06,9.1227612E-06,9.1220399E-06,9.1227730E-06,9.1233687E-06,9.1227757E-06,9.1220927E-06,9.1219899E-06,9.1225820E-06,9.1223201E-06,9.1220190E-06,9.1215261E-06,9.1214097E-06,9.1224510E-06,9.1218726E-06,9.1217071E-06,9.1218753E-06,9.1221836E-06,9.1226993E-06,9.1221600E-06,9.1220463E-06
9.1212860E-06,9.1195543E-06,9.1174934E-06,9.1173715E-06,9.1175843E-06,9.1166285E-06,9.1161537E-06,9.1152760E-06,9.1154543E-06,9.1175052E-06,9.1198080E-06,9.1191605E-06,9.1185948E-06,9.1190013E-06,9.1188940E-06,9.1193287E-06,9.1176971E-06,9.1161728E-06,9.1162929E-06,9.1177890E-06,9.1212742E-06,9.1221964E-06,9.1220618E-06,9.1223119E-06,9.1211205E-06,9.1208803E-06,9.1213187E-06,9.1200754E-06,9.1191232E-06,9.1186566E-06,9.1201446E-06,9.1217662E-06,9.1205966E-06,9.1207066E-06,9.1203074E-06,9.1176053E-06
9.1152588E-06,9.1127749E-06,9.1090669E-06,9.1076436E-06,9.1089869E-06,9.1085194E-06,9.1074453E-06,9.1046022E-06,9.1034672E-06,9.1058191E-06,9.1055563E-06,9.1032152E-06,9.1014244E-06,9.0991989E-06,9.0979820E-06,9.0981239E-06,9.0974327E-06,9.0984768E-06,9.0978729E-06,9.0969643E-06,9.0979311E-06,9.0969388E-06,9.0944368E-06,9.0932108E-06,9.0919530E-06,9.0905332E-06,9.0893100E-06,9.0881094E-06,9.0884523E-06,9.0893491E-06,9.0881313E-06,9.0860976E-06,9.0849535E-06,9.0843650E-06,9.0841486E-06,9.0822450E-06
9.0795520E-06,9.0769354E-06,9.0764543E-06,9.0783214E-06,9.0783460E-06,9.0773174E-06,9.0770263E-06,9.0778458E-06,9.0796329E-06,9.0806534E-06,9.0806825E-06,9.0802896E-06,9.0785897E-06,9.0768717E-06,9.0771928E-06,9.0763178E-06,9.0753056E-06,9.0759095E-06,9.0766280E-06,9.0766907E-06,9.0759458E-06,9.0761023E-06,9.0760768E-06,9.0760395E-06,9.0755475E-06,9.0730045E-06,9.0736030E-06,9.0747526E-06,9.0742969E-06,9.0759149E-06,9.0765116E-06,9.0760614E-06,9.0769672E-06,9.0761905E-06,9.0726689E-06,9.0704552E-06
9.0703825E-06,9.0698049E-06,9.0695657E-06,9.0696940E-06,9.0684771E-06,9.0681697E-06,9.0693093E-06,9.0689227E-06,9.0683006E-06,9.0685135E-06,9.0673175E-06,9.0682288E-06,9.0686517E-06,9.0674430E-06,9.0675830E-06,9.0679050E-06,9.0667791E-06,9.0659851E-06,9.0661979E-06,9.0654912E-06,9.0655776E-06,9.0648991E-06,9.0626763E-06,9.0616240E-06,9.0620215E-06,9.0612320E-06,9.0601425E-06,9.0607700E-06,9.0611265E-06,9.0612229E-06,9.0601025E-06,9.0599042E-06,9.0615567E-06,9.0614303E-06,9.0598378E-06,9.0574103E-06
9.0550602E-06,9.0529802E-06,9.0509238E-06,9.0497988E-06,9.0510039E-06,9.0511894E-06,9.0497997E-06,9.0497097E-06,9.0495232E-06,9.0501553E-06,9.0516496E-06,9.0523108E-06,9.0543235E-06,9.0556496E-06,9.0544927E-06,9.0542544E-06,9.0554122E-06,9.0562953E-06,9.0585754E-06,9.0617177E-06,9.0640433E-06,9.0646836E-06,9.0641815E-06,9.0648473E-06,9.0658859E-06,9.0670683E-06,9.0667863E-06,9.0666072E-06,9.0680141E-06,9.0682524E-06,9.0701778E-06,9.0735721E-06,9.0758176E-06,9.0781577E-06,9.0783342E-06,9.0757694E-06
9.0753065E-06,9.0761314E-06,9.0758558E-06,9.0766334E-06,9.0778521E-06,9.0784952E-06,9.0794847E-06,9.0810781E-06,9.0833682E-06,9.0865251E-06,9.0892508E-06,9.0914455E-06,9.0953263E-06,9.0984486E-06,9.0994335E-06,9.1014754E-06,9.1049324E-06,9.1071697E-06,9.1096363E-06,9.1127949E-06,9.1151451E-06,9.1164538E-06,9.1178490E-06,9.1199554E-06,9.1212114E-06,9.1246793E-06,9.1289949E-06,9.1316060E-06,9.1341462E-06,9.1358097E-06,9.1370257E-06,9.1393522E-06,9.1408592E-06,9.1416605E-06,9.1429611E-06,9.1449883E-06
9.1456377E-06,9.1432184E-06,9.1447146E-06,9.1486218E-06,9.1488036E-06,9.1493785E-06,9.1531438E-06,9.1550373E-06,9.1541760E-06,9.1561887E-06,9.1609763E-06,9.1632164E-06,9.1640340E-06,9.1661886E-06,9.1680195E-06,9.1683660E-06,9.1686161E-06,9.1701786E-06,9.1708280E-06,9.1720522E-06,9.1754337E-06,9.1771553E-06,9.1782986E-06,9.1802349E-06,9.1815036E-06,9.1833162E-06,9.1846005E-06,9.1863258E-06,9.1881966E-06,9.1897873E-06,9.1907523E-06,9.1907450E-06,9.1908068E-06,9.1907659E-06,9.1926013E-06,9.1929733E-06
9.1913698E-06,9.1920074E-06,9.1920801E-06,9.1902375E-06,9.1901602E-06,9.1899838E-06,9.1906677E-06,9.1913989E-06,9.1914981E-06,9.1931142E-06,9.1942184E-06,9.1933762E-06,9.1932561E-06,9.1961538E-06,9.1985021E-06,9.1975953E-06,9.1975244E-06,9.1984511E-06,9.1991142E-06,9.2004693E-06,9.2006267E-06,9.2002565E-06,9.1988686E-06,9.1997044E-06,9.1998618E-06,9.1984375E-06,9.1999327E-06,9.2024429E-06,9.2022392E-06,9.1996117E-06,9.1983929E-06,9.1998718E-06,9.2014088E-06,9.2027349E-06,9.2033815E-06,9.2025548E-06
9.2006085E-06,9.1986858E-06,9.1987849E-06,9.1978882E-06,9.1968550E-06,9.1962784E-06,9.1959537E-06,9.1967822E-06,9.1970596E-06,9.1989223E-06,9.2001228E-06,9.1998372E-06,9.2010114E-06,9.2008731E-06,9.1989459E-06,9.1984293E-06,9.1999254E-06,9.2002865E-06,9.2003111E-06,9.2020555E-06,9.2034297E-06,9.2016080E-06,9.2003320E-06,9.2002156E-06,9.2009050E-06,9.2028058E-06,9.2020755E-06,9.2005202E-06,9.1998372E-06,9.1998390E-06,9.2006503E-06,9.2015935E-06,9.2014943E-06,9.2001628E-06,9.2006885E-06,9.2010578E-06
9.1995098E-06,9.1992024E-06,9.1974934E-06,9.1955308E-06,9.1942329E-06,9.1936863E-06,9.1952188E-06,9.1970560E-06,9.1984866E-06,9.1999764E-06,9.2008777E-06,9.2000491E-06,9.1990350E-06,9.1989832E-06,9.1989223E-06,9.1989159E-06,9.1991715E-06,9.1986503E-06,9.1986103E-06,9.1998718E-06,9.2001383E-06,9.1996026E-06,9.1995744E-06,9.2000419E-06,9.1991142E-06,9.1982893E-06,9.1988859E-06,9.1985876E-06,9.1989532E-06,9.1990132E-06,9.1998190E-06,9.2002820E-06,9.1986030E-06,9.1988331E-06,9.1989887E-06,9.1974825E-06
9.1973370E-06,9.1976981E-06,9.1960737E-06,9.1951788E-06,9.1951542E-06,9.1954043E-06,9.1957127E-06,9.1960637E-06,9.1965385E-06,9.1960937E-06,9.1974352E-06,9.1989650E-06,9.1984939E-06,9.1986958E-06,9.1990159E-06,9.1983757E-06,9.1983502E-06,9.1978854E-06,9.1975726E-06,9.1979109E-06,9.1983911E-06,9.1987258E-06,9.1980146E-06,9.1979555E-06,9.1983529E-06,9.1980146E-06,9.1981601E-06,9.1975435E-06,9.1976126E-06,9.1980828E-06,9.1989250E-06,9.1998900E-06,9.1998745E-06,9.1996371E-06,9.1971397E-06,9.1953952E-06
9.1955117E-06,9.1950596E-06,9.1939855E-06,9.1931834E-06,9.1932652E-06,9.1935071E-06,9.1939382E-06,9.1947049E-06,9.1958964E-06,9.1966331E-06,9.1958564E-06,9.1944139E-06,9.1948950E-06,9.1955380E-06,9.1947104E-06,9.1954735E-06,9.1961501E-06,9.1957727E-06,9.1966121E-06,9.1966913E-06,9.1961683E-06,9.1968959E-06,9.1972088E-06,9.1969969E-06,9.1970496E-06,9.1975662E-06,9.1987858E-06,9.1990205E-06,9.1966422E-06,9.1956081E-06,9.1961874E-06,9.1962102E-06,9.1960137E-06,9.1954007E-06,9.1936563E-06,9.1925603E-06
9.1923330E-06,9.1915463E-06,9.1906277E-06,9.1909951E-06,9.1915781E-06,9.1913189E-06,9.1912443E-06,9.1908714E-06,9.1915799E-06,9.1923284E-06,9.1921738E-06,9.1922557E-06,9.1939373E-06,9.1955553E-06,9.1955189E-06,9.1948659E-06,9.1950897E-06,9.1958682E-06,9.1960746E-06,9.1956390E-06,9.1939855E-06,9.1933944E-06,9.1939319E-06,9.1937909E-06,9.1928268E-06,9.1923175E-06,9.1929460E-06,9.1926604E-06,9.1930633E-06,9.1930642E-06,9.1932216E-06,9.1945776E-06,9.1932734E-06,9.1928641E-06,9.1925622E-06,9.1915854E-06
9.1910533E-06,9.1894481E-06,9.1880820E-06,9.1880020E-06,9.1888642E-06,9.1884503E-06,9.1883103E-06,9.1884904E-06,9.1886413E-06,9.1897682E-06,9.1905849E-06,9.1909414E-06,9.1915026E-06,9.1912716E-06,9.1900065E-06,9.1907486E-06,9.1921829E-06,9.1921574E-06,9.1919137E-06,9.1921011E-06,9.1926913E-06,9.1924649E-06,9.1923166E-06,9.1926249E-06,9.1927359E-06,9.1923084E-06,9.1922739E-06,9.1939655E-06,9.1942993E-06,9.1933789E-06,9.1938036E-06,9.1942720E-06,9.1941310E-06,9.1929714E-06,9.1900129E-06,9.1884622E-06
9.1878537E-06,9.1876336E-06,9.1873790E-06,9.1867796E-06,9.1860356E-06,9.1850388E-06,9.1860138E-06,9.1870070E-06,9.1867851E-06,9.1865440E-06,9.1871070E-06,9.1875327E-06,9.1881302E-06,9.1874836E-06,9.1878292E-06,9.1892916E-06,9.1894090E-06,9.1896800E-06,9.1899701E-06,9.1898210E-06,9.1901320E-06,9.1913644E-06,9.1914235E-06,9.1918491E-06,9.1915863E-06,9.1901675E-06,9.1899292E-06,9.1901056E-06,9.1901138E-06,9.1910479E-06,9.1924421E-06,9.1921584E-06,9.1902320E-06,9.1890733E-06,9.1880365E-06,9.1864267E-06
9.1859792E-06,9.1847005E-06,9.1835391E-06,9.1831644E-06,9.1822012E-06,9.1830625E-06,9.1846923E-06,9.1852771E-06,9.1872052E-06,9.1890633E-06,9.1890251E-06,9.1891807E-06,9.1894844E-06,9.1892862E-06,9.1885095E-06,9.1886295E-06,9.1893198E-06,9.1895345E-06,9.1891570E-06,9.1893089E-06,9.1909305E-06,9.1902593E-06,9.1885877E-06,9.1889233E-06,9.1890142E-06,9.1888860E-06,9.1906613E-06,9.1905886E-06,9.1903948E-06,9.1906168E-06,9.1905167E-06,9.1915444E-06,9.1898864E-06,9.1882548E-06,9.1872271E-06,9.1854999E-06
9.1848442E-06,9.1849706E-06,9.1835791E-06,9.1827369E-06,9.1837546E-06,9.1838892E-06,9.1843340E-06,9.1859092E-06,9.1871361E-06,9.1867860E-06,9.1861193E-06,9.1865759E-06,9.1877600E-06,9.1874745E-06,9.1873171E-06,9.1876327E-06,9.1874899E-06,9.1889515E-06,9.1891816E-06,9.1881729E-06,9.1877118E-06,9.1878073E-06,9.1881011E-06,9.1884194E-06,9.1889788E-06,9.1884603E-06,9.1881584E-06,9.1887869E-06,9.1890106E-06,9.1876118E-06,9.1873298E-06,9.1884167E-06,9.1884449E-06,9.1877200E-06,9.1854554E-06,9.1838874E-06
9.1841621E-06,9.1849079E-06,9.1837346E-06,9.1817546E-06,9.1816946E-06,9.1822512E-06,9.1827978E-06,9.1842203E-06,9.1860120E-06,9.1863521E-06,9.1857391E-06,9.1855491E-06,9.1850043E-06,9.1853481E-06,9.1869715E-06,9.1872162E-06,9.1868214E-06,9.1855654E-06,9.1853444E-06,9.1861402E-06,9.1861839E-06,9.1860083E-06,9.1859092E-06,9.1861548E-06,9.1860666E-06,9.1865795E-06,9.1869388E-06,9.1870024E-06,9.1869833E-06,9.1872016E-06,9.1864867E-06,9.1860738E-06,9.1869615E-06,9.1870816E-06,9.1854235E-06,9.1846377E-06
9.1858374E-06,9.1848942E-06,9.1817055E-06,9.1798256E-06,9.1806341E-06,9.1819274E-06,9.1830134E-06,9.1826569E-06,9.1820411E-06,9.1829470E-06,9.1841448E-06,9.1839483E-06,9.1831607E-06,9.1826578E-06,9.1841211E-06,9.1847241E-06,9.1839984E-06,9.1846296E-06,9.1847469E-06,9.1847860E-06,9.1841393E-06,9.1837664E-06,9.1842621E-06,9.1842749E-06,9.1831471E-06,9.1826541E-06,9.1833581E-06,9.1837201E-06,9.1836673E-06,9.1835400E-06,9.1839938E-06,9.1844367E-06,9.1836682E-06,9.1823385E-06,9.1812089E-06,9.1815646E-06
9.1829070E-06,9.1814472E-06,9.1797938E-06,9.1797410E-06,9.1797547E-06,9.1803804E-06,9.1814609E-06,9.1822067E-06,9.1821030E-06,9.1819602E-06,9.1814609E-06,9.1814900E-06,9.1831343E-06,9.1840557E-06,9.1840502E-06,9.1841748E-06,9.1835245E-06,9.1834972E-06,9.1835373E-06,9.1829770E-06,9.1822685E-06,9.1820566E-06,9.1827424E-06,9.1828360E-06,9.1819065E-06,9.1819438E-06,9.1820220E-06,9.1821867E-06,9.1829479E-06,9.1843513E-06,9.1848815E-06,9.1836491E-06,9.1826678E-06,9.1815073E-06,9.1808415E-06,9.1803677E-06
9.1803022E-06,9.1800730E-06,9.1796655E-06,9.1800584E-06,9.1798374E-06,9.1797019E-06,9.1797883E-06,9.1799002E-06,9.1813126E-06,9.1824004E-06,9.1827796E-06,9.1816882E-06,9.1812171E-06,9.1827196E-06,9.1828724E-06,9.1824013E-06,9.1821575E-06,9.1819402E-06,9.1814336E-06,9.1816864E-06,9.1824941E-06,9.1824449E-06,9.1823758E-06,9.1833608E-06,9.1836619E-06,9.1841357E-06,9.1846950E-06,9.1848451E-06,9.1845832E-06,9.1843140E-06,9.1848378E-06,9.1846359E-06,9.1836073E-06,9.1823176E-06,9.1814572E-06,9.1818365E-06
9.1826387E-06,9.1817446E-06,9.1792153E-06,9.1775191E-06,9.1791444E-06,9.1806041E-06,9.1800184E-06,9.1814008E-06,9.1820584E-06,9.1811498E-06,9.1818038E-06,9.1823986E-06,9.1824531E-06,9.1818520E-06,9.1832971E-06,9.1839656E-06,9.1825568E-06,9.1826878E-06,9.1830998E-06,9.1836773E-06,9.1851252E-06,9.1861293E-06,9.1856555E-06,9.1837664E-06,9.1825605E-06,9.1836673E-06,9.1849351E-06,9.1844076E-06,9.1833299E-06,9.1831416E-06,9.1834145E-06,9.1841721E-06,9.1843085E-06,9.1830861E-06,9.1827560E-06,9.1827142E-06
9.1821466E-06,9.1816382E-06,9.1801576E-06,9.1789980E-06,9.1785541E-06,9.1786069E-06,9.1792872E-06,9.1788624E-06,9.1793227E-06,9.1817028E-06,9.1815755E-06,9.1805059E-06,9.1817019E-06,9.1827005E-06,9.1818501E-06,9.1812335E-06,9.1833199E-06,9.1843267E-06,9.1827342E-06,9.1825150E-06,9.1850552E-06,9.1869078E-06,9.1856673E-06,9.1856364E-06,9.1851543E-06,9.1839429E-06,9.1843804E-06,9.1862576E-06,9.1863339E-06,9.1846787E-06,9.1848215E-06,9.1836100E-06,9.1820893E-06,9.1823858E-06,9.1827869E-06,9.1839365E-06
9.1850488E-06,9.1844658E-06,9.1829888E-06,9.1815773E-06,9.1821703E-06,9.1817346E-06,9.1805659E-06,9.1826614E-06,9.1847596E-06,9.1840639E-06,9.1828970E-06,9.1825323E-06,9.1842803E-06,9.1867614E-06,9.1872589E-06,9.1866377E-06,9.1859129E-06,9.1853099E-06,9.1859865E-06,9.1868351E-06,9.1875836E-06,9.1875918E-06,9.1860411E-06,9.1855591E-06,9.1858283E-06,9.1876673E-06,9.1894835E-06,9.1894026E-06,9.1884221E-06,9.1874172E-06,9.1870725E-06,9.1868442E-06,9.1863767E-06,9.1849870E-06,9.1831462E-06,9.1820530E-06
9.1838519E-06,9.1842385E-06,9.1820802E-06,9.1813699E-06,9.1817119E-06,9.1821730E-06,9.1830716E-06,9.1846305E-06,9.1856718E-06,9.1871234E-06,9.1867896E-06,9.1846841E-06,9.1853926E-06,9.1858892E-06,9.1865058E-06,9.1874681E-06,9.1866977E-06,9.1870734E-06,9.1873262E-06,9.1871416E-06,9.1875263E-06,9.1892843E-06,9.1909824E-06,9.1907759E-06,9.1906859E-06,9.1909269E-06,9.1915499E-06,9.1926722E-06,9.1933944E-06,9.1944576E-06,9.1943239E-06,9.1928723E-06,9.1918309E-06,9.1914781E-06,9.1913480E-06,9.1900429E-06
9.1905122E-06,9.1919246E-06,9.1900647E-06,9.1878110E-06,9.1878992E-06,9.1882612E-06,9.1881857E-06,9.1888005E-06,9.1888805E-06,9.1898646E-06,9.1909696E-06,9.1912370E-06,9.1924940E-06,9.1921247E-06,9.1909969E-06,9.1915153E-06,9.1913771E-06,9.1908105E-06,9.1916090E-06,9.1916045E-06,9.1905877E-06,9.1915344E-06,9.1918400E-06,9.1912425E-06,9.1911761E-06,9.1921183E-06,9.1928969E-06,9.1927941E-06,9.1916272E-06,9.1904994E-06,9.1913598E-06,9.1916454E-06,9.1911379E-06,9.1913298E-06,9.1906313E-06,9.1900592E-06
9.1912425E-06,9.1903421E-06,9.1887778E-06,9.1886613E-06,9.1883230E-06,9.1872562E-06,9.1871298E-06,9.1871143E-06,9.1879056E-06,9.1893671E-06,9.1887759E-06,9.1887086E-06,9.1890952E-06,9.1897182E-06,9.1903130E-06,9.1906459E-06,9.1912470E-06,9.1906586E-06,9.1910997E-06,9.1920865E-06,9.1914662E-06,9.1905849E-06,9.1901884E-06,9.1908905E-06,9.1914235E-06,9.1921684E-06,9.1924849E-06,9.1921702E-06,9.1917527E-06,9.1915599E-06,9.1918710E-06,9.1914981E-06,9.1909878E-06,9.1906586E-06,9.1894317E-06,9.1880574E-06
9.1887041E-06,9.1884503E-06,9.1882466E-06,9.1894290E-06,9.1894526E-06,9.1878674E-06,9.1865168E-06,9.1858174E-06,9.1865786E-06,9.1884749E-06,9.1892962E-06,9.1902239E-06,9.1924685E-06,9.1935981E-06,9.1934289E-06,9.1935462E-06,9.1946094E-06,9.1937654E-06,9.1921856E-06,9.1929232E-06,9.1931424E-06,9.1932361E-06,9.1936108E-06,9.1934844E-06,9.1935490E-06,9.1937873E-06,9.1943184E-06,9.1943630E-06,9.1936981E-06,9.1945585E-06,9.1937909E-06,9.1927313E-06,9.1934762E-06,9.1922029E-06,9.1907232E-06,9.1907441E-06
9.1920947E-06,9.1918091E-06,9.1895681E-06,9.1886386E-06,9.1888578E-06,9.1893389E-06,9.1898291E-06,9.1904021E-06,9.1915890E-06,9.1916154E-06,9.1918346E-06,9.1940619E-06,9.1946040E-06,9.1944939E-06,9.1944703E-06,9.1938036E-06,9.1931224E-06,9.1935244E-06,9.1943029E-06,9.1947168E-06,9.1950033E-06,9.1948777E-06,9.1936681E-06,9.1934198E-06,9.1938900E-06,9.1940146E-06,9.1946476E-06,9.1942402E-06,9.1947277E-06,9.1961565E-06,9.1949214E-06,9.1929833E-06,9.1930497E-06,9.1933143E-06,9.1926204E-06,9.1917172E-06
9.1922056E-06,9.1923848E-06,9.1910178E-06,9.1909014E-06,9.1919319E-06,9.1915572E-06,9.1905158E-06,9.1904330E-06,9.1914271E-06,9.1926649E-06,9.1927404E-06,9.1923921E-06,9.1928450E-06,9.1939974E-06,9.1953107E-06,9.1946722E-06,9.1928105E-06,9.1930142E-06,9.1936490E-06,9.1928023E-06,9.1919192E-06,9.1923985E-06,9.1936863E-06,9.1942111E-06,9.1940255E-06,9.1936927E-06,9.1931715E-06,9.1934498E-06,9.1939437E-06,9.1920883E-06,9.1916445E-06,9.1926186E-06,9.1937891E-06,9.1944403E-06,9.1941665E-06,9.1952970E-06
9.1961065E-06,9.1940428E-06,9.1918382E-06,9.1909214E-06,9.1912643E-06,9.1929287E-06,9.1931897E-06,9.1933070E-06,9.1925904E-06,9.1919310E-06,9.1926986E-06,9.1923912E-06,9.1920983E-06,9.1923021E-06,9.1928268E-06,9.1928941E-06,9.1940274E-06,9.1951715E-06,9.1937190E-06,9.1940810E-06,9.1948150E-06,9.1939391E-06,9.1945412E-06,9.1949996E-06,9.1951470E-06,9.1950442E-06,9.1954043E-06,9.1952124E-06,9.1932306E-06,9.1937518E-06,9.1932607E-06,9.1914489E-06,9.1918137E-06,9.1923930E-06,9.1931797E-06,9.1946813E-06
9.1952406E-06,9.1941893E-06,9.1916727E-06,9.1907814E-06,9.1911170E-06,9.1920983E-06,9.1930260E-06,9.1920128E-06,9.1914862E-06,9.1923266E-06,9.1930615E-06,9.1926249E-06,9.1936881E-06,9.1952215E-06,9.1948723E-06,9.1952315E-06,9.1951588E-06,9.1946149E-06,9.1948195E-06,9.1945203E-06,9.1948686E-06,9.1951379E-06,9.1943357E-06,9.1938327E-06,9.1928287E-06,9.1918209E-06,9.1918873E-06,9.1931397E-06,9.1939974E-06,9.1932952E-06,9.1928950E-06,9.1935462E-06,9.1941838E-06,9.1951842E-06,9.1969705E-06,9.1962920E-06
9.1946904E-06,9.1940446E-06,9.1913789E-06,9.1904276E-06,9.1902930E-06,9.1900847E-06,9.1918719E-06,9.1927422E-06,9.1921147E-06,9.1914253E-06,9.1927595E-06,9.1945640E-06,9.1956772E-06,9.1951497E-06,9.1945003E-06,9.1950669E-06,9.1948277E-06,9.1956608E-06,9.1963921E-06,9.1957127E-06,9.1968814E-06,9.1981838E-06,9.1975344E-06,9.1964748E-06,9.1964630E-06,9.1963493E-06,9.1965012E-06,9.1982611E-06,9.1985757E-06,9.1970378E-06,9.1970687E-06,9.1973279E-06,9.1973688E-06,9.1978673E-06,9.1982893E-06,9.1993752E-06
9.2000655E-06,9.2002110E-06,9.1991933E-06,9.1979928E-06,9.1980710E-06,9.1980501E-06,9.1993224E-06,9.1998772E-06,9.1989214E-06,9.1990587E-06,9.1997072E-06,9.2003311E-06,9.1998381E-06,9.1999782E-06,9.2002110E-06,9.1991696E-06,9.1986085E-06,9.1986376E-06,9.1991878E-06,9.2005021E-06,9.2015052E-06,9.2015716E-06,9.2004329E-06,9.1998545E-06,9.1997681E-06,9.1995380E-06,9.1996262E-06,9.1996335E-06,9.2008586E-06,9.2029386E-06,9.2023602E-06,9.1980446E-06,9.1986267E-06,9.2014734E-06,9.1993825E-06,9.1972388E-06
