9.0556923E-06,9.0551257E-06,9.0559088E-06,9.0572748E-06,9.0573485E-06,9.0578824E-06,9.0590129E-06,9.0594476E-06,9.0587118E-06,9.0581198E-06,9.0571120E-06,9.0572457E-06,9.0585772E-06,9.0587200E-06,9.0587855E-06,9.0598260E-06,9.0604171E-06,9.0595731E-06,9.0587227E-06,9.0588328E-06,9.0591147E-06,9.0590893E-06,9.0594822E-06,9.0604235E-06,9.0614831E-06,9.0611293E-06,9.0605608E-06,9.0610620E-06,9.0615422E-06,9.0608837E-06,9.0599879E-06,9.0591657E-06,9.0587737E-06,9.0597223E-06,9.0614221E-06,9.0629755E-06
9.0640024E-06,9.0649728E-06,9.0623489E-06,9.0596777E-06,9.0600679E-06,9.0607591E-06,9.0607136E-06,9.0611129E-06,9.0635131E-06,9.0652111E-06,9.0652502E-06,9.0651183E-06,9.0656422E-06,9.0663398E-06,9.0670301E-06,9.0661470E-06,9.0658432E-06,9.0666772E-06,9.0656058E-06,9.0658295E-06,9.0660451E-06,9.0647281E-06,9.0655603E-06,9.0672320E-06,9.0679014E-06,9.0685316E-06,9.0686026E-06,9.0678686E-06,9.0687572E-06,9.0694421E-06,9.0693757E-06,9.0690801E-06,9.0686499E-06,9.0698877E-06,9.0708108E-06,9.0713574E-06
9.0709627E-06,9.0685562E-06,9.0665435E-06,9.0668673E-06,9.0680232E-06,9.0680314E-06,9.0683425E-06,9.0693866E-06,9.0696567E-06,9.0703588E-06,9.0704407E-06,9.0702970E-06,9.0712328E-06,9.0714730E-06,9.0722242E-06,9.0730027E-06,9.0723588E-06,9.0732446E-06,9.0728263E-06,9.0704598E-06,9.0706135E-06,9.0710364E-06,9.0714939E-06,9.0725789E-06,9.0725789E-06,9.0722160E-06,9.0728918E-06,9.0734748E-06,9.0728336E-06,9.0724288E-06,9.0717158E-06,9.0708963E-06,9.0710446E-06,9.0711919E-06,9.0717876E-06,9.0730773E-06
9.0745616E-06,9.0723406E-06,9.0682479E-06,9.0680378E-06,9.0692656E-06,9.0700878E-06,9.0713383E-06,9.0724125E-06,9.0721314E-06,9.0720441E-06,9.0721942E-06,9.0725998E-06,9.0725352E-06,9.0717631E-06,9.0711546E-06,9.0716230E-06,9.0708918E-06,9.0696831E-06,9.0701578E-06,9.0702579E-06,9.0717103E-06,9.0730764E-06,9.0746244E-06,9.0752210E-06,9.0743406E-06,9.0745834E-06,9.0745598E-06,9.0739368E-06,9.0737258E-06,9.0733283E-06,9.0730955E-06,9.0733301E-06,9.0737194E-06,9.0743915E-06,9.0752164E-06,9.0780477E-06
9.0804187E-06,9.0796457E-06,9.0752865E-06,9.0709145E-06,9.0720550E-06,9.0731646E-06,9.0733592E-06,9.0732465E-06,9.0726198E-06,9.0733147E-06,9.0740741E-06,9.0743315E-06,9.0742960E-06,9.0756030E-06,9.0757212E-06,9.0755930E-06,9.0764806E-06,9.0756339E-06,9.0750545E-06,9.0753556E-06,9.0760122E-06,9.0771318E-06,9.0777803E-06,9.0788390E-06,9.0785961E-06,9.0773346E-06,9.0771718E-06,9.0777366E-06,9.0772419E-06,9.0761114E-06,9.0752719E-06,9.0749099E-06,9.0742815E-06,9.0738786E-06,9.0745343E-06,9.0756366E-06
9.0774629E-06,9.0771873E-06,9.0734265E-06,9.0700651E-06,9.0700541E-06,9.0703161E-06,9.0716639E-06,9.0735111E-06,9.0747180E-06,9.0758094E-06,9.0760222E-06,9.0773819E-06,9.0777294E-06,9.0763888E-06,9.0757239E-06,9.0758622E-06,9.0758094E-06,9.0757549E-06,9.0762960E-06,9.0772410E-06,9.0779567E-06,9.0782660E-06,9.0793974E-06,9.0800140E-06,9.0795684E-06,9.0785097E-06,9.0777803E-06,9.0789972E-06,9.0797084E-06,9.0790636E-06,9.0787944E-06,9.0784842E-06,9.0763397E-06,9.0742342E-06,9.0767990E-06,9.0796102E-06
9.0805206E-06,9.0781532E-06,9.0740905E-06,9.0745325E-06,9.0753010E-06,9.0742333E-06,9.0741732E-06,9.0755257E-06,9.0745425E-06,9.0738522E-06,9.0738104E-06,9.0723652E-06,9.0719532E-06,9.0713411E-06,9.0714484E-06,9.0717003E-06,9.0715566E-06,9.0733647E-06,9.0747389E-06,9.0760295E-06,9.0781441E-06,9.0791727E-06,9.0794892E-06,9.0798858E-06,9.0804115E-06,9.0809535E-06,9.0804870E-06,9.0780604E-06,9.0762378E-06,9.0763915E-06,9.0766089E-06,9.0781405E-06,9.0780522E-06,9.0768690E-06,9.0776502E-06,9.0788362E-06
9.0806552E-06,9.0803069E-06,9.0776903E-06,9.0762360E-06,9.0778667E-06,9.0789563E-06,9.0785406E-06,9.0784479E-06,9.0784670E-06,9.0798858E-06,9.0807671E-06,9.0795847E-06,9.0782241E-06,9.0789508E-06,9.0797102E-06,9.0782496E-06,9.0784279E-06,9.0796075E-06,9.0794929E-06,9.0794083E-06,9.0793555E-06,9.0805188E-06,9.0815392E-06,9.0821531E-06,9.0825861E-06,9.0816793E-06,9.0831909E-06,9.0852545E-06,9.0840567E-06,9.0847743E-06,9.0857311E-06,9.0847334E-06,9.0853591E-06,9.0837238E-06,9.0827498E-06,9.0862732E-06
9.0878821E-06,9.0861176E-06,9.0850381E-06,9.0851572E-06,9.0842668E-06,9.0826606E-06,9.0812464E-06,9.0807625E-06,9.0817057E-06,9.0825733E-06,9.0834255E-06,9.0843823E-06,9.0833846E-06,9.0823978E-06,9.0828935E-06,9.0808917E-06,9.0798212E-06,9.0824142E-06,9.0831745E-06,9.0822923E-06,9.0813637E-06,9.0840504E-06,9.0868434E-06,9.0863878E-06,9.0870571E-06,9.0868589E-06,9.0857247E-06,9.0859203E-06,9.0859830E-06,9.0838293E-06,9.0840022E-06,9.0855001E-06,9.0849999E-06,9.0839967E-06,9.0825588E-06,9.0824451E-06
9.0850171E-06,9.0852764E-06,9.0832709E-06,9.0812427E-06,9.0816593E-06,9.0837930E-06,9.0836165E-06,9.0842423E-06,9.0850563E-06,9.0868652E-06,9.0870926E-06,9.0864642E-06,9.0865251E-06,9.0847689E-06,9.0849417E-06,9.0855019E-06,9.0864250E-06,9.0894246E-06,9.0902913E-06,9.0889416E-06,9.0887897E-06,9.0901722E-06,9.0897793E-06,9.0903586E-06,9.0916019E-06,9.0907533E-06,9.0910071E-06,9.0910053E-06,9.0912017E-06,9.0909489E-06,9.0905032E-06,9.0909889E-06,9.0907597E-06,9.0895210E-06,9.0878766E-06,9.0879121E-06
9.0886233E-06,9.0892545E-06,9.0887534E-06,9.0877711E-06,9.0881367E-06,9.0888261E-06,9.0896792E-06,9.0897383E-06,9.0895792E-06,9.0899848E-06,9.0902586E-06,9.0879530E-06,9.0848462E-06,9.0873764E-06,9.0901485E-06,9.0908352E-06,9.0919575E-06,9.0923113E-06,9.0934645E-06,9.0939839E-06,9.0951917E-06,9.0963158E-06,9.0966523E-06,9.0968515E-06,9.0971425E-06,9.0973926E-06,9.0963740E-06,9.0955582E-06,9.0954318E-06,9.0951726E-06,9.0937756E-06,9.0917038E-06,9.0907233E-06,9.0894518E-06,9.0872891E-06,9.0868434E-06
9.0883113E-06,9.0878530E-06,9.0852827E-06,9.0849389E-06,9.0849480E-06,9.0856829E-06,9.0858093E-06,9.0868598E-06,9.0882322E-06,9.0871808E-06,9.0877647E-06,9.0882240E-06,9.0880248E-06,9.0890335E-06,9.0890026E-06,9.0882359E-06,9.0888425E-06,9.0897010E-06,9.0906506E-06,9.0915000E-06,9.0913163E-06,9.0909225E-06,9.0910835E-06,9.0911471E-06,9.0917401E-06,9.0917274E-06,9.0901385E-06,9.0897774E-06,9.0917983E-06,9.0929579E-06,9.0916537E-06,9.0906769E-06,9.0905187E-06,9.0893218E-06,9.0878966E-06,9.0874182E-06
9.0885878E-06,9.0874482E-06,9.0853600E-06,9.0867770E-06,9.0863341E-06,9.0843514E-06,9.0856856E-06,9.0861513E-06,9.0842504E-06,9.0831381E-06,9.0825160E-06,9.0826134E-06,9.0846206E-06,9.0845078E-06,9.0820749E-06,9.0839630E-06,9.0870881E-06,9.0886115E-06,9.0888016E-06,9.0880467E-06,9.0887170E-06,9.0894764E-06,9.0880503E-06,9.0869998E-06,9.0869817E-06,9.0874901E-06,9.0882313E-06,9.0868698E-06,9.0861004E-06,9.0879821E-06,9.0886506E-06,9.0874219E-06,9.0873600E-06,9.0874955E-06,9.0865415E-06,9.0844687E-06
9.0818257E-06,9.0807216E-06,9.0808780E-06,9.0811754E-06,9.0808307E-06,9.0799485E-06,9.0814392E-06,9.0832636E-06,9.0825742E-06,9.0810054E-06,9.0803478E-06,9.0803696E-06,9.0817884E-06,9.0829990E-06,9.0821031E-06,9.0824224E-06,9.0852309E-06,9.0855437E-06,9.0838621E-06,9.0845160E-06,9.0849944E-06,9.0846943E-06,9.0852955E-06,9.0864487E-06,9.0863523E-06,9.0853218E-06,9.0847106E-06,9.0842032E-06,9.0851454E-06,9.0867079E-06,9.0868425E-06,9.0861313E-06,9.0851709E-06,9.0840367E-06,9.0834410E-06,9.0824260E-06
9.0808535E-06,9.0800358E-06,9.0802196E-06,9.0805133E-06,9.0798976E-06,9.0805306E-06,9.0816338E-06,9.0819203E-06,9.0812036E-06,9.0791718E-06,9.0786598E-06,9.0796448E-06,9.0797394E-06,9.0802496E-06,9.0807380E-06,9.0796839E-06,9.0783860E-06,9.0784015E-06,9.0784861E-06,9.0788480E-06,9.0788098E-06,9.0771591E-06,9.0758704E-06,9.0775929E-06,9.0804760E-06,9.0810417E-06,9.0804688E-06,9.0799640E-06,9.0795347E-06,9.0784724E-06,9.0782614E-06,9.0788762E-06,9.0796821E-06,9.0798176E-06,9.0770127E-06,9.0736676E-06
9.0730409E-06,9.0723415E-06,9.0727690E-06,9.0730145E-06,9.0713675E-06,9.0700705E-06,9.0701696E-06,9.0721251E-06,9.0725689E-06,9.0727717E-06,9.0736466E-06,9.0730355E-06,9.0723570E-06,9.0726753E-06,9.0731901E-06,9.0731373E-06,9.0726444E-06,9.0732892E-06,9.0738986E-06,9.0738949E-06,9.0747435E-06,9.0741360E-06,9.0745416E-06,9.0759931E-06,9.0757439E-06,9.0763842E-06,9.0758294E-06,9.0742624E-06,9.0738631E-06,9.0741150E-06,9.0753538E-06,9.0762560E-06,9.0759813E-06,9.0750173E-06,9.0741869E-06,9.0732892E-06
9.0716094E-06,9.0712656E-06,9.0716439E-06,9.0711273E-06,9.0707481E-06,9.0703534E-06,9.0687854E-06,9.0680387E-06,9.0685235E-06,9.0694712E-06,9.0713929E-06,9.0719068E-06,9.0722988E-06,9.0731037E-06,9.0736466E-06,9.0730709E-06,9.0729718E-06,9.0738349E-06,9.0736612E-06,9.0739059E-06,9.0736485E-06,9.0738849E-06,9.0743051E-06,9.0744206E-06,9.0732528E-06,9.0713138E-06,9.0725261E-06,9.0745480E-06,9.0744552E-06,9.0730409E-06,9.0733629E-06,9.0744188E-06,9.0737667E-06,9.0728363E-06,9.0731310E-06,9.0721014E-06
9.0701706E-06,9.0706771E-06,9.0715075E-06,9.0711310E-06,9.0698304E-06,9.0692811E-06,9.0694257E-06,9.0682888E-06,9.0673338E-06,9.0668382E-06,9.0669964E-06,9.0673793E-06,9.0674757E-06,9.0687572E-06,9.0694630E-06,9.0688836E-06,9.0686517E-06,9.0686308E-06,9.0679432E-06,9.0689900E-06,9.0711310E-06,9.0707290E-06,9.0706553E-06,9.0712128E-06,9.0706835E-06,9.0705553E-06,9.0707481E-06,9.0710819E-06,9.0721896E-06,9.0744625E-06,9.0753720E-06,9.0754238E-06,9.0751364E-06,9.0746416E-06,9.0750809E-06,9.0745652E-06
9.0735430E-06,9.0727362E-06,9.0724288E-06,9.0715639E-06,9.0706344E-06,9.0705253E-06,9.0703434E-06,9.0691619E-06,9.0690655E-06,9.0696149E-06,9.0694048E-06,9.0709036E-06,9.0723661E-06,9.0718622E-06,9.0723006E-06,9.0731282E-06,9.0726107E-06,9.0732847E-06,9.0732046E-06,9.0730355E-06,9.0725789E-06,9.0718877E-06,9.0729254E-06,9.0738358E-06,9.0737440E-06,9.0737194E-06,9.0728436E-06,9.0722988E-06,9.0724761E-06,9.0732483E-06,9.0740887E-06,9.0739741E-06,9.0737194E-06,9.0732055E-06,9.0717513E-06,9.0721251E-06
9.0727517E-06,9.0708809E-06,9.0690110E-06,9.0678777E-06,9.0687854E-06,9.0693720E-06,9.0695248E-06,9.0684671E-06,9.0675894E-06,9.0687317E-06,9.0692965E-06,9.0686772E-06,9.0691792E-06,9.0709627E-06,9.0710992E-06,9.0705562E-06,9.0716621E-06,9.0713966E-06,9.0714775E-06,9.0723242E-06,9.0719595E-06,9.0720359E-06,9.0715584E-06,9.0713238E-06,9.0710810E-06,9.0717058E-06,9.0721915E-06,9.0720014E-06,9.0724125E-06,9.0729754E-06,9.0737612E-06,9.0732565E-06,9.0721132E-06,9.0731328E-06,9.0742023E-06,9.0735575E-06
9.0729272E-06,9.0707663E-06,9.0678850E-06,9.0670546E-06,9.0675348E-06,9.0676885E-06,9.0675412E-06,9.0677004E-06,9.0680314E-06,9.0675094E-06,9.0672383E-06,9.0677686E-06,9.0688381E-06,9.0703825E-06,9.0714011E-06,9.0711610E-06,9.0710573E-06,9.0717967E-06,9.0728599E-06,9.0732974E-06,9.0731246E-06,9.0730791E-06,9.0729272E-06,9.0728663E-06,9.0726025E-06,9.0727799E-06,9.0731137E-06,9.0727044E-06,9.0725125E-06,9.0730518E-06,9.0729354E-06,9.0720387E-06,9.0722751E-06,9.0735848E-06,9.0734657E-06,9.0732919E-06
9.0729936E-06,9.0711455E-06,9.0689164E-06,9.0675776E-06,9.0681960E-06,9.0685007E-06,9.0677668E-06,9.0681560E-06,9.0683716E-06,9.0683570E-06,9.0694384E-06,9.0705071E-06,9.0715721E-06,9.0727617E-06,9.0730946E-06,9.0729272E-06,9.0725280E-06,9.0712147E-06,9.0708299E-06,9.0716830E-06,9.0708445E-06,9.0700478E-06,9.0704980E-06,9.0710682E-06,9.0717376E-06,9.0712801E-06,9.0705935E-06,9.0707699E-06,9.0711619E-06,9.0714548E-06,9.0713584E-06,9.0713129E-06,9.0718840E-06,9.0720086E-06,9.0718095E-06,9.0716767E-06
9.0706744E-06,9.0689036E-06,9.0679387E-06,9.0671710E-06,9.0661861E-06,9.0660624E-06,9.0673175E-06,9.0686053E-06,9.0678550E-06,9.0678986E-06,9.0686144E-06,9.0693202E-06,9.0706080E-06,9.0704734E-06,9.0697204E-06,9.0703961E-06,9.0710519E-06,9.0714730E-06,9.0708918E-06,9.0709782E-06,9.0731401E-06,9.0747389E-06,9.0746125E-06,9.0740350E-06,9.0748290E-06,9.0755429E-06,9.0733974E-06,9.0718522E-06,9.0734502E-06,9.0748563E-06,9.0746189E-06,9.0736958E-06,9.0746944E-06,9.0754793E-06,9.0757921E-06,9.0774911E-06
9.0761314E-06,9.0717567E-06,9.0704480E-06,9.0707235E-06,9.0708327E-06,9.0701387E-06,9.0700978E-06,9.0702560E-06,9.0698350E-06,9.0711901E-06,9.0723070E-06,9.0730637E-06,9.0739059E-06,9.0737294E-06,9.0736066E-06,9.0748999E-06,9.0753847E-06,9.0754293E-06,9.0755066E-06,9.0741878E-06,9.0729300E-06,9.0730782E-06,9.0734993E-06,9.0722606E-06,9.0718713E-06,9.0731055E-06,9.0725525E-06,9.0716057E-06,9.0723388E-06,9.0733165E-06,9.0745443E-06,9.0746944E-06,9.0741469E-06,9.0751382E-06,9.0765397E-06,9.0767699E-06
9.0750518E-06,9.0726917E-06,9.0717340E-06,9.0720305E-06,9.0709173E-06,9.0710928E-06,9.0724179E-06,9.0717667E-06,9.0706462E-06,9.0706653E-06,9.0711746E-06,9.0713584E-06,9.0719723E-06,9.0711328E-06,9.0721887E-06,9.0746344E-06,9.0758058E-06,9.0738358E-06,9.0730373E-06,9.0744015E-06,9.0749218E-06,9.0784488E-06,9.0785525E-06,9.0762760E-06,9.0770900E-06,9.0759959E-06,9.0757294E-06,9.0772573E-06,9.0765870E-06,9.0766571E-06,9.0769654E-06,9.0774729E-06,9.0781532E-06,9.0787980E-06,9.0773574E-06,9.0754993E-06
9.0753001E-06,9.0763551E-06,9.0766289E-06,9.0747053E-06,9.0740768E-06,9.0735475E-06,9.0728254E-06,9.0725161E-06,9.0731937E-06,9.0740204E-06,9.0740541E-06,9.0750436E-06,9.0761423E-06,9.0759922E-06,9.0761960E-06,9.0767508E-06,9.0759549E-06,9.0759713E-06,9.0763169E-06,9.0767717E-06,9.0776666E-06,9.0781914E-06,9.0800249E-06,9.0809135E-06,9.0804233E-06,9.0801805E-06,9.0802032E-06,9.0796748E-06,9.0799058E-06,9.0799231E-06,9.0792373E-06,9.0806852E-06,9.0804988E-06,9.0797421E-06,9.0801141E-06,9.0798458E-06
9.0789435E-06,9.0778112E-06,9.0766334E-06,9.0764252E-06,9.0763860E-06,9.0752719E-06,9.0745771E-06,9.0740814E-06,9.0747171E-06,9.0759513E-06,9.0757230E-06,9.0769017E-06,9.0788426E-06,9.0787507E-06,9.0786953E-06,9.0792091E-06,9.0793910E-06,9.0782696E-06,9.0781750E-06,9.0800077E-06,9.0798785E-06,9.0808653E-06,9.0840149E-06,9.0855683E-06,9.0863405E-06,9.0869353E-06,9.0866015E-06,9.0861058E-06,9.0860894E-06,9.0854282E-06,9.0841895E-06,9.0824633E-06,9.0819485E-06,9.0834783E-06,9.0848043E-06,9.0853746E-06
9.0849353E-06,9.0815074E-06,9.0807862E-06,9.0835192E-06,9.0847834E-06,9.0838321E-06,9.0827698E-06,9.0828289E-06,9.0822559E-06,9.0829308E-06,9.0841058E-06,9.0852027E-06,9.0862968E-06,9.0860976E-06,9.0856793E-06,9.0861067E-06,9.0858348E-06,9.0857002E-06,9.0858939E-06,9.0851026E-06,9.0855901E-06,9.0860412E-06,9.0860140E-06,9.0872718E-06,9.0888807E-06,9.0887961E-06,9.0868407E-06,9.0867807E-06,9.0884396E-06,9.0884396E-06,9.0896337E-06,9.0914164E-06,9.0921030E-06,9.0926760E-06,9.0909580E-06,9.0891199E-06
9.0896265E-06,9.0889771E-06,9.0858639E-06,9.0864751E-06,9.0886515E-06,9.0866597E-06,9.0857675E-06,9.0874919E-06,9.0869462E-06,9.0867879E-06,9.0883323E-06,9.0897693E-06,9.0917856E-06,9.0925369E-06,9.0927269E-06,9.0938447E-06,9.0947005E-06,9.0944623E-06,9.0941176E-06,9.0949197E-06,9.0959556E-06,9.0960639E-06,9.0955236E-06,9.0961776E-06,9.0968315E-06,9.0966751E-06,9.0962576E-06,9.0961794E-06,9.0978456E-06,9.0982648E-06,9.0984768E-06,9.0994372E-06,9.0995427E-06,9.0996928E-06,9.0990097E-06,9.0992271E-06
9.0990316E-06,9.0965696E-06,9.0953445E-06,9.0954854E-06,9.0964468E-06,9.0974645E-06,9.0967378E-06,9.0954109E-06,9.0953681E-06,9.0965468E-06,9.0966978E-06,9.0971525E-06,9.0979101E-06,9.0983494E-06,9.0977428E-06,9.0967705E-06,9.0971316E-06,9.0978101E-06,9.0984231E-06,9.0974254E-06,9.0970125E-06,9.0981766E-06,9.0992253E-06,9.0990807E-06,9.0990798E-06,9.0996173E-06,9.1003876E-06,9.1015636E-06,9.1012098E-06,9.0989815E-06,9.0975927E-06,9.0972690E-06,9.0969497E-06,9.0981121E-06,9.0995936E-06,9.0996536E-06
9.0994008E-06,9.0975882E-06,9.0947451E-06,9.0936573E-06,9.0956209E-06,9.0978419E-06,9.0978792E-06,9.0993872E-06,9.1008278E-06,9.1012935E-06,9.1012589E-06,9.1020083E-06,9.1039819E-06,9.1038773E-06,9.1030079E-06,9.1036636E-06,9.1046904E-06,9.1038419E-06,9.1038755E-06,9.1046004E-06,9.1048396E-06,9.1052725E-06,9.1043994E-06,9.1053025E-06,9.1067195E-06,9.1072006E-06,9.1068759E-06,9.1070342E-06,9.1071470E-06,9.1074235E-06,9.1070015E-06,9.1058464E-06,9.1066086E-06,9.1065431E-06,9.1069578E-06,9.1059301E-06
9.1033426E-06,9.1020065E-06,9.1024231E-06,9.1030934E-06,9.1027150E-06,9.1025877E-06,9.1018810E-06,9.1021811E-06,9.1031979E-06,9.1038182E-06,9.1057982E-06,9.1077554E-06,9.1088914E-06,9.1090087E-06,9.1083793E-06,9.1098373E-06,9.1120246E-06,9.1122965E-06,9.1111715E-06,9.1088295E-06,9.1085758E-06,9.1093671E-06,9.1099309E-06,9.1106058E-06,9.1104212E-06,9.1100555E-06,9.1099837E-06,9.1107940E-06,9.1106176E-06,9.1100037E-06,9.1117654E-06,9.1134152E-06,9.1132097E-06,9.1108541E-06,9.1093270E-06,9.1077427E-06
9.1056927E-06,9.1060019E-06,9.1055581E-06,9.1042011E-06,9.1036682E-06,9.1024440E-06,9.1018710E-06,9.1017118E-06,9.1013280E-06,9.1032771E-06,9.1052580E-06,9.1063330E-06,9.1067359E-06,9.1072179E-06,9.1074362E-06,9.1079337E-06,9.1090987E-06,9.1092543E-06,9.1085767E-06,9.1095781E-06,9.1098582E-06,9.1094707E-06,9.1106658E-06,9.1099328E-06,9.1078627E-06,9.1082602E-06,9.1094707E-06,9.1088859E-06,9.1088623E-06,9.1105085E-06,9.1116126E-06,9.1118909E-06,9.1117299E-06,9.1100328E-06,9.1100919E-06,9.1096035E-06
9.1069169E-06,9.1062229E-06,9.1062238E-06,9.1052898E-06,9.1044149E-06,9.1047868E-06,9.1050670E-06,9.1049851E-06,9.1070642E-06,9.1088532E-06,9.1097663E-06,9.1115608E-06,9.1121046E-06,9.1118409E-06,9.1118409E-06,9.1125230E-06,9.1117527E-06,9.1106731E-06,9.1109296E-06,9.1111888E-06,9.1104266E-06,9.1099837E-06,9.1094243E-06,9.1096890E-06,9.1115635E-06,9.1126531E-06,9.1133525E-06,9.1130914E-06,9.1112834E-06,9.1108104E-06,9.1110305E-06,9.1100610E-06,9.1099982E-06,9.1109741E-06,9.1112270E-06,9.1092834E-06
9.1075844E-06,9.1075635E-06,9.1078118E-06,9.1081838E-06,9.1079219E-06,9.1070087E-06,9.1063330E-06,9.1062411E-06,9.1076135E-06,9.1092015E-06,9.1100219E-06,9.1106622E-06,9.1091415E-06,9.1066950E-06,9.1058864E-06,9.1064758E-06,9.1077472E-06,9.1082002E-06,9.1085139E-06,9.1083075E-06,9.1086003E-06,9.1082984E-06,9.1068705E-06,9.1064521E-06,9.1071015E-06,9.1082866E-06,9.1089496E-06,9.1085640E-06,9.1085048E-06,9.1090933E-06,9.1085585E-06,9.1086085E-06,9.1092061E-06,9.1083029E-06,9.1078818E-06,9.1060538E-06
9.1041275E-06,9.1034153E-06,9.1026568E-06,9.1046513E-06,9.1050433E-06,9.1019965E-06,9.1008860E-06,9.1020292E-06,9.1023694E-06,9.1047241E-06,9.1087195E-06,9.1095471E-06,9.1086695E-06,9.1081574E-06,9.1090796E-06,9.1104930E-06,9.1101356E-06,9.1097027E-06,9.1098927E-06,9.1107577E-06,9.1103766E-06,9.1096263E-06,9.1101701E-06,9.1092779E-06,9.1081556E-06,9.1089241E-06,9.1093716E-06,9.1093025E-06,9.1093343E-06,9.1090433E-06,9.1080146E-06,9.1062111E-06,9.1048805E-06,9.1044931E-06,9.1036845E-06,9.1016227E-06
9.0990425E-06,9.0976528E-06,9.0972344E-06,9.0970589E-06,9.0979038E-06,9.0966478E-06,9.0941812E-06,9.0938438E-06,9.0943786E-06,9.0957428E-06,9.0974117E-06,9.0963731E-06,9.0954663E-06,9.0966896E-06,9.0972362E-06,9.0970652E-06,9.0969788E-06,9.0960702E-06,9.0962576E-06,9.0963840E-06,9.0965041E-06,9.0964786E-06,9.0961303E-06,9.0978374E-06,9.0986623E-06,9.0985322E-06,9.0979038E-06,9.0975573E-06,9.0986796E-06,9.1006259E-06,9.1022694E-06,9.1031979E-06,9.1035163E-06,9.1021766E-06,9.1021575E-06,9.1020765E-06
9.1007650E-06,9.1004285E-06,9.1017800E-06,9.1029715E-06,9.1024676E-06,9.1018128E-06,9.1005641E-06,9.1010343E-06,9.1032698E-06,9.1050797E-06,9.1061775E-06,9.1059255E-06,9.1066950E-06,9.1086540E-06,9.1084439E-06,9.1070660E-06,9.1060956E-06,9.1053207E-06,9.1050233E-06,9.1046859E-06,9.1045631E-06,9.1062538E-06,9.1085758E-06,9.1099973E-06,9.1097800E-06,9.1095180E-06,9.1101419E-06,9.1112106E-06,9.1119755E-06,9.1107749E-06,9.1093489E-06,9.1101565E-06,9.1116035E-06,9.1122038E-06,9.1129350E-06,9.1114089E-06
9.1096654E-06,9.1082747E-06,9.1065212E-06,9.1069960E-06,9.1070660E-06,9.1067768E-06,9.1065904E-06,9.1063648E-06,9.1082447E-06,9.1104175E-06,9.1122865E-06,9.1137999E-06,9.1132597E-06,9.1120428E-06,9.1117617E-06,9.1123384E-06,9.1111824E-06,9.1094544E-06,9.1107358E-06,9.1117117E-06,9.1113879E-06,9.1122874E-06,9.1134580E-06,9.1146530E-06,9.1152815E-06,9.1148377E-06,9.1150932E-06,9.1158472E-06,9.1145512E-06,9.1142192E-06,9.1139091E-06,9.1130105E-06,9.1139918E-06,9.1136235E-06,9.1119173E-06,9.1095699E-06
9.1084639E-06,9.1079910E-06,9.1073289E-06,9.1068814E-06,9.1054862E-06,9.1033853E-06,9.1017464E-06,9.1017900E-06,9.1016400E-06,9.1014599E-06,9.1021648E-06,9.1020693E-06,9.1015336E-06,9.1011207E-06,9.1003003E-06,9.0997428E-06,9.0989479E-06,9.0983067E-06,9.0976382E-06,9.0972362E-06,9.0965050E-06,9.0950034E-06,9.0941066E-06,9.0921621E-06,9.0906933E-06,9.0895091E-06,9.0890844E-06,9.0880640E-06,9.0862013E-06,9.0844178E-06,9.0830672E-06,9.0813046E-06,9.0789908E-06,9.0789381E-06,9.0757685E-06,9.0718850E-06
9.0711101E-06,9.0694093E-06,9.0661115E-06,9.0641843E-06,9.0644289E-06,9.0635231E-06,9.0623935E-06,9.0612903E-06,9.0601352E-06,9.0604117E-06,9.0605363E-06,9.0596504E-06,9.0589465E-06,9.0592248E-06,9.0590529E-06,9.0590529E-06,9.0593485E-06,9.0598041E-06,9.0604581E-06,9.0600752E-06,9.0586127E-06,9.0584836E-06,9.0595977E-06,9.0601989E-06,9.0614567E-06,9.0632193E-06,9.0646336E-06,9.0658286E-06,9.0670519E-06,9.0684507E-06,9.0707863E-06,9.0716239E-06,9.0716985E-06,9.0727171E-06,9.0723242E-06,9.0706708E-06
9.0689964E-06,9.0673529E-06,9.0665635E-06,9.0659760E-06,9.0647727E-06,9.0641579E-06,9.0625299E-06,9.0616386E-06,9.0614631E-06,9.0601943E-06,9.0591775E-06,9.0584717E-06,9.0570511E-06,9.0546891E-06,9.0530621E-06,9.0517005E-06,9.0495114E-06,9.0482508E-06,9.0475232E-06,9.0451795E-06,9.0421608E-06,9.0403892E-06,9.0387284E-06,9.0356807E-06,9.0342428E-06,9.0328531E-06,9.0283293E-06,9.0258063E-06,9.0245421E-06,9.0223011E-06,9.0203157E-06,9.0174972E-06,9.0147741E-06,9.0106278E-06,9.0056865E-06,9.0027479E-06
8.9973819E-06,8.9904852E-06,8.9848736E-06,8.9804907E-06,8.9763462E-06,8.9714776E-06,8.9675186E-06,8.9635159E-06,8.9592131E-06,8.9558907E-06,8.9525074E-06,8.9481118E-06,8.9447158E-06,8.9430950E-06,8.9407995E-06,8.9363511E-06,8.9338919E-06,8.9317000E-06,8.9287769E-06,8.9258610E-06,8.9228934E-06,8.9221121E-06,8.9206123E-06,8.9195200E-06,8.9199220E-06,8.9193381E-06,8.9171935E-06,8.9147625E-06,8.9139239E-06,8.9142568E-06,8.9137202E-06,8.9125469E-06,8.9114364E-06,8.9103014E-06,8.9085288E-06,8.9058903E-06
8.9039586E-06,8.9013010E-06,8.8989400E-06,8.8989573E-06,8.8975166E-06,8.8946308E-06,8.8931656E-06,8.8920706E-06,8.8914603E-06,8.8922461E-06,8.8917968E-06,8.8908046E-06,8.8897586E-06,8.8892229E-06,8.8902898E-06,8.8904690E-06,8.8918932E-06,8.8934103E-06,8.8942570E-06,8.8948882E-06,8.8953147E-06,8.8975257E-06,8.8992319E-06,8.8997094E-06,8.9010482E-06,8.9030727E-06,8.9068253E-06,8.9112700E-06,8.9138375E-06,8.9170753E-06,8.9201640E-06,8.9222522E-06,8.9254809E-06,8.9274445E-06,8.9275745E-06,8.9295900E-06
8.9322966E-06,8.9342056E-06,8.9360774E-06,8.9386049E-06,8.9406822E-06,8.9417317E-06,8.9452205E-06,8.9495124E-06,8.9536297E-06,8.9580099E-06,8.9613413E-06,8.9629011E-06,8.9648556E-06,8.9662990E-06,8.9671603E-06,8.9691393E-06,8.9704017E-06,8.9725345E-06,8.9763762E-06,8.9794939E-06,8.9820132E-06,8.9846171E-06,8.9860250E-06,8.9887271E-06,8.9921414E-06,8.9946134E-06,8.9981386E-06,9.0026633E-06,9.0061221E-06,9.0096692E-06,9.0139047E-06,9.0183385E-06,9.0234598E-06,9.0273634E-06,9.0292997E-06,9.0310323E-06
9.0356389E-06,9.0391404E-06,9.0406793E-06,9.0455087E-06,9.0496105E-06,9.0525673E-06,9.0570420E-06,9.0615267E-06,9.0652475E-06,9.0675994E-06,9.0702551E-06,9.0725198E-06,9.0735566E-06,9.0763942E-06,9.0789726E-06,9.0796211E-06,9.0813291E-06,9.0830745E-06,9.0837038E-06,9.0850144E-06,9.0872991E-06,9.0881067E-06,9.0876128E-06,9.0893100E-06,9.0907561E-06,9.0912690E-06,9.0914245E-06,9.0928215E-06,9.0947351E-06,9.0957110E-06,9.0987205E-06,9.1005031E-06,9.1002330E-06,9.1000556E-06,9.0987651E-06,9.0971316E-06
9.0978547E-06,9.0990170E-06,9.0993280E-06,9.0993435E-06,9.1002803E-06,9.1005868E-06,9.1005641E-06,9.1032234E-06,9.1050215E-06,9.1061265E-06,9.1077063E-06,9.1079346E-06,9.1084685E-06,9.1084421E-06,9.1079373E-06,9.1097399E-06,9.1105639E-06,9.1107777E-06,9.1118909E-06,9.1125848E-06,9.1125248E-06,9.1133197E-06,9.1129632E-06,9.1118891E-06,9.1122774E-06,9.1120637E-06,9.1120910E-06,9.1118763E-06,9.1115198E-06,9.1120564E-06,9.1134434E-06,9.1132761E-06,9.1116599E-06,9.1103166E-06,9.1100492E-06,9.1096799E-06
9.1088459E-06,9.1078946E-06,9.1064166E-06,9.1049469E-06,9.1028323E-06,9.1023412E-06,9.1043967E-06,9.1062602E-06,9.1073116E-06,9.1068778E-06,9.1051106E-06,9.1044349E-06,9.1044585E-06,9.1041911E-06,9.1039683E-06,9.1040001E-06,9.1032107E-06,9.1022002E-06,9.1019738E-06,9.1021848E-06,9.1014008E-06,9.1004676E-06,9.0993344E-06,9.0975918E-06,9.0954709E-06,9.0941921E-06,9.0939638E-06,9.0922804E-06,9.0903813E-06,9.0889271E-06,9.0886879E-06,9.0863486E-06,9.0822032E-06,9.0788098E-06,9.0750091E-06,9.0723624E-06
9.0720305E-06,9.0702551E-06,9.0676322E-06,9.0660842E-06,9.0635776E-06,9.0615313E-06,9.0616904E-06,9.0623080E-06,9.0619669E-06,9.0621552E-06,9.0610920E-06,9.0595404E-06,9.0600497E-06,9.0598278E-06,9.0591193E-06,9.0584481E-06,9.0575295E-06,9.0569592E-06,9.0562216E-06,9.0561116E-06,9.0556505E-06,9.0550729E-06,9.0548019E-06,9.0538151E-06,9.0527119E-06,9.0515341E-06,9.0516041E-06,9.0526646E-06,9.0526901E-06,9.0508520E-06,9.0491958E-06,9.0480589E-06,9.0466565E-06,9.0451631E-06,9.0428102E-06,9.0406993E-06
9.0390140E-06,9.0355561E-06,9.0321710E-06,9.0308567E-06,9.0292970E-06,9.0292178E-06,9.0292096E-06,9.0288358E-06,9.0289077E-06,9.0275989E-06,9.0250169E-06,9.0237108E-06,9.0220410E-06,9.0199355E-06,9.0178873E-06,9.0141611E-06,9.0110307E-06,9.0085687E-06,9.0054264E-06,9.0020167E-06,8.9986734E-06,8.9948116E-06,8.9921932E-06,8.9891009E-06,8.9831565E-06,8.9787527E-06,8.9761243E-06,8.9713321E-06,8.9651103E-06,8.9590776E-06,8.9542045E-06,8.9495725E-06,8.9436980E-06,8.9369751E-06,8.9316154E-06,8.9261566E-06
8.9206896E-06,8.9153855E-06,8.9083069E-06,8.9015966E-06,8.8969191E-06,8.8945862E-06,8.8910001E-06,8.8867528E-06,8.8842398E-06,8.8816823E-06,8.8792676E-06,8.8757788E-06,8.8727720E-06,8.8714132E-06,8.8689640E-06,8.8658689E-06,8.8637153E-06,8.8619863E-06,8.8603610E-06,8.8592515E-06,8.8574661E-06,8.8554570E-06,8.8550551E-06,8.8538500E-06,8.8519955E-06,8.8515899E-06,8.8500301E-06,8.8489587E-06,8.8477263E-06,8.8449879E-06,8.8441166E-06,8.8430934E-06,8.8407814E-06,8.8380821E-06,8.8350616E-06,8.8344232E-06
8.8333727E-06,8.8319748E-06,8.8315419E-06,8.8298721E-06,8.8301858E-06,8.8302495E-06,8.8284805E-06,8.8289598E-06,8.8298075E-06,8.8292709E-06,8.8292054E-06,8.8284596E-06,8.8274828E-06,8.8272509E-06,8.8273564E-06,8.8277566E-06,8.8278011E-06,8.8273364E-06,8.8259412E-06,8.8244888E-06,8.8240495E-06,8.8249981E-06,8.8261459E-06,8.8257884E-06,8.8251700E-06,8.8253128E-06,8.8252191E-06,8.8254219E-06,8.8245652E-06,8.8243933E-06,8.8253637E-06,8.8251145E-06,8.8233128E-06,8.8204715E-06,8.8197712E-06,8.8192037E-06
8.8191255E-06,8.8203124E-06,8.8181105E-06,8.8151110E-06,8.8147299E-06,8.8148399E-06,8.8152274E-06,8.8157612E-06,8.8171273E-06,8.8172292E-06,8.8147872E-06,8.8147308E-06,8.8153365E-06,8.8147290E-06,8.8156430E-06,8.8162651E-06,8.8159450E-06,8.8159331E-06,8.8155284E-06,8.8154966E-06,8.8148508E-06,8.8156985E-06,8.8171591E-06,8.8155821E-06,8.8152337E-06,8.8155184E-06,8.8145871E-06,8.8149172E-06,8.8152446E-06,8.8148654E-06,8.8143288E-06,8.8139786E-06,8.8128336E-06,8.8109546E-06,8.8099468E-06,8.8096185E-06
8.8106053E-06,8.8100287E-06,8.8089582E-06,8.8084807E-06,8.8072056E-06,8.8071256E-06,8.8081997E-06,8.8096422E-06,8.8104880E-06,8.8111901E-06,8.8111492E-06,8.8104407E-06,8.8106726E-06,8.8101406E-06,8.8092111E-06,8.8104098E-06,8.8128845E-06,8.8132056E-06,8.8124389E-06,8.8116203E-06,8.8094166E-06,8.8091137E-06,8.8091510E-06,8.8097795E-06,8.8112529E-06,8.8103825E-06,8.8105589E-06,8.8111310E-06,8.8107690E-06,8.8111637E-06,8.8117649E-06,8.8101842E-06,8.8080296E-06,8.8080387E-06,8.8085962E-06,8.8083252E-06
8.8079614E-06,8.8084098E-06,8.8066527E-06,8.8049664E-06,8.8049401E-06,8.8041834E-06,8.8042352E-06,8.8047709E-06,8.8046390E-06,8.8047891E-06,8.8048482E-06,8.8047600E-06,8.8062661E-06,8.8074512E-06,8.8077140E-06,8.8081269E-06,8.8075276E-06,8.8075003E-06,8.8084016E-06,8.8079560E-06,8.8070428E-06,8.8076567E-06,8.8083279E-06,8.8069837E-06,8.8067009E-06,8.8075330E-06,8.8072538E-06,8.8064826E-06,8.8069974E-06,8.8073284E-06,8.8073357E-06,8.8079623E-06,8.8063771E-06,8.8038714E-06,8.8038250E-06,8.8041525E-06
8.8052766E-06,8.8053239E-06,8.8025836E-06,8.8015413E-06,8.8023917E-06,8.8022134E-06,8.8022634E-06,8.8029446E-06,8.8022634E-06,8.8023180E-06,8.8028182E-06,8.8021743E-06,8.8024144E-06,8.8035249E-06,8.8053521E-06,8.8070501E-06,8.8067054E-06,8.8062015E-06,8.8054539E-06,8.8061388E-06,8.8075139E-06,8.8073730E-06,8.8072184E-06,8.8066463E-06,8.8049201E-06,8.8044107E-06,8.8061142E-06,8.8078914E-06,8.8089728E-06,8.8083398E-06,8.8079860E-06,8.8080897E-06,8.8072275E-06,8.8074048E-06,8.8074248E-06,8.8072729E-06
8.8066372E-06,8.8075358E-06,8.8070565E-06,8.8032903E-06,8.8038132E-06,8.8049201E-06,8.8051993E-06,8.8078032E-06,8.8087600E-06,8.8068909E-06,8.8069719E-06,8.8089073E-06,8.8101360E-06,8.8111747E-06,8.8104352E-06,8.8103015E-06,8.8113757E-06,8.8115685E-06,8.8101897E-06,8.8102670E-06,8.8121897E-06,8.8119550E-06,8.8117295E-06,8.8122197E-06,8.8122024E-06,8.8130582E-06,8.8137185E-06,8.8135794E-06,8.8130482E-06,8.8124889E-06,8.8113175E-06,8.8103980E-06,8.8109118E-06,8.8108418E-06,8.8099114E-06,8.8104325E-06
8.8113093E-06,8.8105198E-06,8.8078577E-06,8.8068409E-06,8.8068054E-06,8.8046045E-06,8.8047127E-06,8.8072784E-06,8.8083152E-06,8.8104534E-06,8.8128690E-06,8.8120387E-06,8.8113711E-06,8.8115175E-06,8.8117376E-06,8.8111255E-06,8.8117868E-06,8.8139368E-06,8.8156266E-06,8.8151755E-06,8.8133329E-06,8.8137385E-06,8.8145771E-06,8.8138531E-06,8.8143042E-06,8.8155857E-06,8.8152647E-06,8.8132019E-06,8.8111110E-06,8.8117740E-06,8.8122861E-06,8.8122424E-06,8.8112119E-06,8.8100751E-06,8.8103316E-06,8.8115294E-06
8.8136076E-06,8.8128236E-06,8.8107599E-06,8.8092438E-06,8.8068918E-06,8.8057304E-06,8.8067218E-06,8.8076522E-06,8.8086772E-06,8.8116385E-06,8.8141405E-06,8.8132965E-06,8.8137613E-06,8.8150937E-06,8.8153847E-06,8.8159040E-06,8.8158122E-06,8.8146653E-06,8.8132147E-06,8.8136094E-06,8.8146016E-06,8.8154284E-06,8.8156476E-06,8.8151510E-06,8.8157267E-06,8.8166817E-06,8.8173438E-06,8.8173419E-06,8.8166353E-06,8.8167962E-06,8.8169427E-06,8.8137622E-06,8.8123461E-06,8.8136630E-06,8.8136103E-06,8.8154302E-06
8.8168927E-06,8.8152674E-06,8.8130091E-06,8.8120796E-06,8.8124361E-06,8.8124034E-06,8.8120942E-06,8.8130146E-06,8.8143270E-06,8.8146289E-06,8.8154347E-06,8.8160177E-06,8.8158031E-06,8.8155939E-06,8.8151683E-06,8.8157067E-06,8.8155702E-06,8.8162087E-06,8.8157903E-06,8.8145207E-06,8.8141924E-06,8.8142742E-06,8.8148299E-06,8.8144379E-06,8.8135066E-06,8.8127635E-06,8.8131164E-06,8.8127099E-06,8.8130891E-06,8.8137212E-06,8.8124807E-06,8.8113129E-06,8.8115712E-06,8.8125507E-06,8.8130891E-06,8.8127208E-06
8.8121524E-06,8.8100378E-06,8.8080296E-06,8.8078377E-06,8.8084507E-06,8.8084771E-06,8.8081315E-06,8.8088964E-06,8.8091047E-06,8.8094048E-06,8.8096849E-06,8.8090574E-06,8.8085162E-06,8.8090355E-06,8.8101360E-06,8.8104789E-06,8.8106572E-06,8.8105817E-06,8.8094202E-06,8.8093175E-06,8.8090574E-06,8.8097640E-06,8.8110501E-06,8.8106053E-06,8.8103779E-06,8.8110037E-06,8.8113074E-06,8.8114630E-06,8.8115430E-06,8.8105644E-06,8.8089619E-06,8.8095921E-06,8.8110582E-06,8.8107045E-06,8.8104689E-06,8.8097813E-06
8.8092365E-06,8.8094866E-06,8.8084034E-06,8.8070756E-06,8.8066527E-06,8.8064917E-06,8.8064671E-06,8.8073075E-06,8.8088554E-06,8.8097231E-06,8.8102033E-06,8.8107245E-06,8.8107827E-06,8.8110673E-06,8.8118422E-06,8.8123925E-06,8.8130773E-06,8.8128881E-06,8.8124580E-06,8.8128863E-06,8.8134611E-06,8.8120323E-06,8.8118350E-06,8.8124834E-06,8.8123870E-06,8.8127963E-06,8.8135275E-06,8.8139077E-06,8.8127126E-06,8.8118422E-06,8.8126862E-06,8.8146580E-06,8.8147080E-06,8.8139723E-06,8.8148072E-06,8.8153356E-06
8.8147754E-06,8.8147653E-06,8.8138595E-06,8.8125962E-06,8.8134438E-06,8.8139986E-06,8.8134493E-06,8.8130500E-06,8.8128572E-06,8.8129200E-06,8.8141742E-06,8.8148627E-06,8.8146571E-06,8.8154647E-06,8.8167717E-06,8.8176721E-06,8.8185543E-06,8.8191700E-06,8.8197830E-06,8.8213328E-06,8.8214901E-06,8.8212828E-06,8.8219549E-06,8.8231309E-06,8.8253328E-06,8.8267243E-06,8.8258994E-06,8.8257157E-06,8.8270508E-06,8.8269298E-06,8.8266024E-06,8.8283305E-06,8.8305269E-06,8.8323177E-06,8.8329580E-06,8.8317838E-06
8.8317038E-06,8.8325305E-06,8.8319739E-06,8.8302531E-06,8.8305205E-06,8.8327815E-06,8.8326324E-06,8.8316901E-06,8.8326506E-06,8.8329743E-06,8.8324423E-06,8.8320312E-06,8.8322322E-06,8.8329025E-06,8.8339411E-06,8.8344996E-06,8.8341167E-06,8.8333663E-06,8.8332254E-06,8.8335801E-06,8.8331881E-06,8.8341512E-06,8.8334409E-06,8.8317647E-06,8.8313254E-06,8.8314046E-06,8.8329698E-06,8.8336546E-06,8.8315837E-06,8.8305378E-06,8.8316929E-06,8.8313955E-06,8.8308761E-06,8.8327315E-06,8.8349170E-06,8.8353381E-06
