9.2916116E-06,9.2904793E-06,9.2899791E-06,9.2895443E-06,9.2899700E-06,9.2899745E-06,9.2889395E-06,9.2892560E-06,9.2900800E-06,9.2908695E-06,9.2909877E-06,9.2905757E-06,9.2912496E-06,9.2919954E-06,9.2918599E-06,9.2918735E-06,9.2916925E-06,9.2892351E-06,9.2889131E-06,9.2913069E-06,9.2907949E-06,9.2901973E-06,9.2918135E-06,9.2927648E-06,9.2933451E-06,9.2955579E-06,9.2978171E-06,9.2974096E-06,9.2959999E-06,9.2951022E-06,9.2946120E-06,9.2941218E-06,9.2930813E-06,9.2939281E-06,9.2956152E-06,9.2961945E-06
9.2970686E-06,9.2959144E-06,9.2915980E-06,9.2901482E-06,9.2897817E-06,9.2882947E-06,9.2875107E-06,9.2885330E-06,9.2908531E-06,9.2920818E-06,9.2924884E-06,9.2924283E-06,9.2921837E-06,9.2927530E-06,9.2942155E-06,9.2955188E-06,9.2950877E-06,9.2934570E-06,9.2936889E-06,9.2938490E-06,9.2933860E-06,9.2939645E-06,9.2937735E-06,9.2937362E-06,9.2951423E-06,9.2957116E-06,9.2955161E-06,9.2957962E-06,9.2948794E-06,9.2943646E-06,9.2960290E-06,9.2950559E-06,9.2937407E-06,9.2950213E-06,9.2948640E-06,9.2976006E-06
9.2996925E-06,9.2965711E-06,9.2935970E-06,9.2923356E-06,9.2920318E-06,9.2926730E-06,9.2936307E-06,9.2934442E-06,9.2934088E-06,9.2953405E-06,9.2973023E-06,9.2957007E-06,9.2948640E-06,9.2966702E-06,9.2970167E-06,9.2970049E-06,9.2980063E-06,9.2968021E-06,9.2944147E-06,9.2933224E-06,9.2925675E-06,9.2925284E-06,9.2935970E-06,9.2951077E-06,9.2966866E-06,9.2972750E-06,9.2968894E-06,9.2959981E-06,9.2958971E-06,9.2960436E-06,9.2955306E-06,9.2941882E-06,9.2932669E-06,9.2946902E-06,9.2960481E-06,9.2966875E-06
9.2963710E-06,9.2938717E-06,9.2910204E-06,9.2906021E-06,9.2915452E-06,9.2927794E-06,9.2938862E-06,9.2942400E-06,9.2939399E-06,9.2930450E-06,9.2922837E-06,9.2929131E-06,9.2932969E-06,9.2935197E-06,9.2928140E-06,9.2926666E-06,9.2928203E-06,9.2917871E-06,9.2919081E-06,9.2918799E-06,9.2927321E-06,9.2932096E-06,9.2927630E-06,9.2945020E-06,9.2962846E-06,9.2953351E-06,9.2947657E-06,9.2954051E-06,9.2961964E-06,9.2958235E-06,9.2924674E-06,9.2895707E-06,9.2900527E-06,9.2919381E-06,9.2922482E-06,9.2922401E-06
9.2937353E-06,9.2937853E-06,9.2924520E-06,9.2906930E-06,9.2891205E-06,9.2896298E-06,9.2906102E-06,9.2899691E-06,9.2889904E-06,9.2896662E-06,9.2919208E-06,9.2931295E-06,9.2933642E-06,9.2940236E-06,9.2934606E-06,9.2925547E-06,9.2917517E-06,9.2905720E-06,9.2902828E-06,9.2914543E-06,9.2921255E-06,9.2933606E-06,9.2950449E-06,9.2948785E-06,9.2944019E-06,9.2943037E-06,9.2949504E-06,9.2963000E-06,9.2971632E-06,9.2953869E-06,9.2927303E-06,9.2923756E-06,9.2919836E-06,9.2911077E-06,9.2912760E-06,9.2918071E-06
9.2938890E-06,9.2925720E-06,9.2887940E-06,9.2894788E-06,9.2918954E-06,9.2910195E-06,9.2896771E-06,9.2904911E-06,9.2906930E-06,9.2896353E-06,9.2898399E-06,9.2909377E-06,9.2907858E-06,9.2905466E-06,9.2893297E-06,9.2874179E-06,9.2871542E-06,9.2887003E-06,9.2895671E-06,9.2897699E-06,9.2901564E-06,9.2895007E-06,9.2906348E-06,9.2921600E-06,9.2906548E-06,9.2897790E-06,9.2900418E-06,9.2904784E-06,9.2901582E-06,9.2892696E-06,9.2893924E-06,9.2889186E-06,9.2876162E-06,9.2869031E-06,9.2857890E-06,9.2855080E-06
9.2873479E-06,9.2863393E-06,9.2837954E-06,9.2842401E-06,9.2843675E-06,9.2846967E-06,9.2855616E-06,9.2861137E-06,9.2860237E-06,9.2865712E-06,9.2861655E-06,9.2844739E-06,9.2849805E-06,9.2854834E-06,9.2847422E-06,9.2842592E-06,9.2837845E-06,9.2830223E-06,9.2834480E-06,9.2844493E-06,9.2843802E-06,9.2839627E-06,9.2852579E-06,9.2844157E-06,9.2834643E-06,9.2850223E-06,9.2848659E-06,9.2843520E-06,9.2846321E-06,9.2836917E-06,9.2823648E-06,9.2812661E-06,9.2795408E-06,9.2778791E-06,9.2776627E-06,9.2783930E-06
9.2789396E-06,9.2770688E-06,9.2744176E-06,9.2734845E-06,9.2748141E-06,9.2758191E-06,9.2753471E-06,9.2752080E-06,9.2746122E-06,9.2744740E-06,9.2734663E-06,9.2725686E-06,9.2729406E-06,9.2733162E-06,9.2723849E-06,9.2711643E-06,9.2695136E-06,9.2678447E-06,9.2685896E-06,9.2685914E-06,9.2684213E-06,9.2691471E-06,9.2683722E-06,9.2673308E-06,9.2671789E-06,9.2665614E-06,9.2658674E-06,9.2656037E-06,9.2660603E-06,9.2671707E-06,9.2667851E-06,9.2648634E-06,9.2615128E-06,9.2590253E-06,9.2597847E-06,9.2614573E-06
9.2620085E-06,9.2599803E-06,9.2566588E-06,9.2561222E-06,9.2566343E-06,9.2578748E-06,9.2586924E-06,9.2578284E-06,9.2577393E-06,9.2580194E-06,9.2580512E-06,9.2577202E-06,9.2567689E-06,9.2558030E-06,9.2550217E-06,9.2539431E-06,9.2532136E-06,9.2536065E-06,9.2536648E-06,9.2538694E-06,9.2546252E-06,9.2551118E-06,9.2547316E-06,9.2532527E-06,9.2526334E-06,9.2534192E-06,9.2536638E-06,9.2528244E-06,9.2526143E-06,9.2534519E-06,9.2532800E-06,9.2523469E-06,9.2514201E-06,9.2493528E-06,9.2474693E-06,9.2480413E-06
9.2477057E-06,9.2445416E-06,9.2439168E-06,9.2441260E-06,9.2442888E-06,9.2451946E-06,9.2456757E-06,9.2461714E-06,9.2458595E-06,9.2454065E-06,9.2462560E-06,9.2474711E-06,9.2468153E-06,9.2449682E-06,9.2443024E-06,9.2448263E-06,9.2452992E-06,9.2466262E-06,9.2477894E-06,9.2487753E-06,9.2492937E-06,9.2493810E-06,9.2500368E-06,9.2508499E-06,9.2521350E-06,9.2521050E-06,9.2518367E-06,9.2508562E-06,9.2512209E-06,9.2525397E-06,9.2521368E-06,9.2518248E-06,9.2507353E-06,9.2495811E-06,9.2485052E-06,9.2479004E-06
9.2485343E-06,9.2483406E-06,9.2468708E-06,9.2465216E-06,9.2469609E-06,9.2475884E-06,9.2488281E-06,9.2481850E-06,9.2472801E-06,9.2465480E-06,9.2460841E-06,9.2468708E-06,9.2466180E-06,9.2464634E-06,9.2477003E-06,9.2479231E-06,9.2476821E-06,9.2499295E-06,9.2511000E-06,9.2508235E-06,9.2514501E-06,9.2520622E-06,9.2523378E-06,9.2527416E-06,9.2531600E-06,9.2536648E-06,9.2539376E-06,9.2544287E-06,9.2536056E-06,9.2530918E-06,9.2539049E-06,9.2516593E-06,9.2509654E-06,9.2513965E-06,9.2496393E-06,9.2499840E-06
9.2516311E-06,9.2510836E-06,9.2494283E-06,9.2498431E-06,9.2514283E-06,9.2513073E-06,9.2509845E-06,9.2515293E-06,9.2515211E-06,9.2514447E-06,9.2510445E-06,9.2504988E-06,9.2519849E-06,9.2536820E-06,9.2541632E-06,9.2549490E-06,9.2565360E-06,9.2580594E-06,9.2586442E-06,9.2593646E-06,9.2600967E-06,9.2610389E-06,9.2617502E-06,9.2619921E-06,9.2620194E-06,9.2611990E-06,9.2616328E-06,9.2628597E-06,9.2623686E-06,9.2624969E-06,9.2628607E-06,9.2637483E-06,9.2639184E-06,9.2625678E-06,9.2609389E-06,9.2596474E-06
9.2601467E-06,9.2602213E-06,9.2596911E-06,9.2594973E-06,9.2597193E-06,9.2595492E-06,9.2600003E-06,9.2602486E-06,9.2605323E-06,9.2613545E-06,9.2614955E-06,9.2618820E-06,9.2625232E-06,9.2627906E-06,9.2629507E-06,9.2634600E-06,9.2636610E-06,9.2639875E-06,9.2655127E-06,9.2663204E-06,9.2666796E-06,9.2671571E-06,9.2670816E-06,9.2663840E-06,9.2663786E-06,9.2665259E-06,9.2654600E-06,9.2654836E-06,9.2655337E-06,9.2658993E-06,9.2655400E-06,9.2663040E-06,9.2664477E-06,9.2638247E-06,9.2617574E-06,9.2603550E-06
9.2595274E-06,9.2588880E-06,9.2581722E-06,9.2572027E-06,9.2585096E-06,9.2596338E-06,9.2585569E-06,9.2578621E-06,9.2580567E-06,9.2578230E-06,9.2571263E-06,9.2567761E-06,9.2562250E-06,9.2562986E-06,9.2571963E-06,9.2582322E-06,9.2598184E-06,9.2601558E-06,9.2602686E-06,9.2600676E-06,9.2593873E-06,9.2603141E-06,9.2605869E-06,9.2602286E-06,9.2606615E-06,9.2607352E-06,9.2598666E-06,9.2599530E-06,9.2609762E-06,9.2611690E-06,9.2614719E-06,9.2624732E-06,9.2626751E-06,9.2610471E-06,9.2590371E-06,9.2584905E-06
9.2580640E-06,9.2582304E-06,9.2590517E-06,9.2580312E-06,9.2575656E-06,9.2589762E-06,9.2589089E-06,9.2586915E-06,9.2591572E-06,9.2579976E-06,9.2576174E-06,9.2585751E-06,9.2585988E-06,9.2593682E-06,9.2609980E-06,9.2620503E-06,9.2624323E-06,9.2622986E-06,9.2623977E-06,9.2632654E-06,9.2628634E-06,9.2637538E-06,9.2651462E-06,9.2647378E-06,9.2647497E-06,9.2653418E-06,9.2656919E-06,9.2654400E-06,9.2655982E-06,9.2646669E-06,9.2642613E-06,9.2653327E-06,9.2646778E-06,9.2632054E-06,9.2630717E-06,9.2618911E-06
9.2589953E-06,9.2570099E-06,9.2562313E-06,9.2566197E-06,9.2578830E-06,9.2583414E-06,9.2580149E-06,9.2568162E-06,9.2551636E-06,9.2544051E-06,9.2546088E-06,9.2544751E-06,9.2539476E-06,9.2546015E-06,9.2563750E-06,9.2560558E-06,9.2557539E-06,9.2563969E-06,9.2554128E-06,9.2541313E-06,9.2545561E-06,9.2552273E-06,9.2542104E-06,9.2533637E-06,9.2522105E-06,9.2520622E-06,9.2523305E-06,9.2530518E-06,9.2524597E-06,9.2508562E-06,9.2504997E-06,9.2503233E-06,9.2512155E-06,9.2504297E-06,9.2466744E-06,9.2445671E-06
9.2438768E-06,9.2423997E-06,9.2421988E-06,9.2419596E-06,9.2427053E-06,9.2431728E-06,9.2435039E-06,9.2427026E-06,9.2406644E-06,9.2399623E-06,9.2403370E-06,9.2417649E-06,9.2424752E-06,9.2441141E-06,9.2452847E-06,9.2439741E-06,9.2438368E-06,9.2451446E-06,9.2452292E-06,9.2451683E-06,9.2443024E-06,9.2432847E-06,9.2431110E-06,9.2419095E-06,9.2402706E-06,9.2400933E-06,9.2402206E-06,9.2400451E-06,9.2392456E-06,9.2385426E-06,9.2401442E-06,9.2411501E-06,9.2413638E-06,9.2405007E-06,9.2391610E-06,9.2381279E-06
9.2366408E-06,9.2358523E-06,9.2366363E-06,9.2376958E-06,9.2361743E-06,9.2358159E-06,9.2373420E-06,9.2382061E-06,9.2372702E-06,9.2363280E-06,9.2373111E-06,9.2390919E-06,9.2405808E-06,9.2398986E-06,9.2402506E-06,9.2419650E-06,9.2425553E-06,9.2433856E-06,9.2427344E-06,9.2399405E-06,9.2389782E-06,9.2395794E-06,9.2393611E-06,9.2389064E-06,9.2384107E-06,9.2380287E-06,9.2377168E-06,9.2370856E-06,9.2377013E-06,9.2393911E-06,9.2409155E-06,9.2424962E-06,9.2423807E-06,9.2403607E-06,9.2393211E-06,9.2399514E-06
9.2401542E-06,9.2387072E-06,9.2373330E-06,9.2362789E-06,9.2360024E-06,9.2367209E-06,9.2373430E-06,9.2356959E-06,9.2345890E-06,9.2358814E-06,9.2345108E-06,9.2333130E-06,9.2362479E-06,9.2376376E-06,9.2366399E-06,9.2353621E-06,9.2334958E-06,9.2363361E-06,9.2389891E-06,9.2371538E-06,9.2368691E-06,9.2384080E-06,9.2392029E-06,9.2403243E-06,9.2401788E-06,9.2395439E-06,9.2414939E-06,9.2411192E-06,9.2404398E-06,9.2421133E-06,9.2432338E-06,9.2446762E-06,9.2454893E-06,9.2448408E-06,9.2431983E-06,9.2435430E-06
9.2440232E-06,9.2438067E-06,9.2446335E-06,9.2448063E-06,9.2464115E-06,9.2475502E-06,9.2468526E-06,9.2472464E-06,9.2475711E-06,9.2480241E-06,9.2497175E-06,9.2522205E-06,9.2536229E-06,9.2536729E-06,9.2538721E-06,9.2551254E-06,9.2571809E-06,9.2566424E-06,9.2563796E-06,9.2573609E-06,9.2580894E-06,9.2596119E-06,9.2597884E-06,9.2593027E-06,9.2591226E-06,9.2589817E-06,9.2596065E-06,9.2597838E-06,9.2589962E-06,9.2602813E-06,9.2608152E-06,9.2591945E-06,9.2581777E-06,9.2581458E-06,9.2596911E-06,9.2598575E-06
9.2594873E-06,9.2595228E-06,9.2571727E-06,9.2550172E-06,9.2550363E-06,9.2554828E-06,9.2531545E-06,9.2498521E-06,9.2490673E-06,9.2486853E-06,9.2484815E-06,9.2483860E-06,9.2497612E-06,9.2504533E-06,9.2497949E-06,9.2488226E-06,9.2486216E-06,9.2485161E-06,9.2469281E-06,9.2461014E-06,9.2447881E-06,9.2444998E-06,9.2456075E-06,9.2455903E-06,9.2446426E-06,9.2443042E-06,9.2427272E-06,9.2406399E-06,9.2401769E-06,9.2396121E-06,9.2395021E-06,9.2383625E-06,9.2367145E-06,9.2364107E-06,9.2360369E-06,9.2346136E-06
9.2325627E-06,9.2289219E-06,9.2260361E-06,9.2259752E-06,9.2270202E-06,9.2272685E-06,9.2267983E-06,9.2275977E-06,9.2280597E-06,9.2274540E-06,9.2269220E-06,9.2289720E-06,9.2299406E-06,9.2292957E-06,9.2298433E-06,9.2294558E-06,9.2295040E-06,9.2297414E-06,9.2299006E-06,9.2305445E-06,9.2315995E-06,9.2315786E-06,9.2313194E-06,9.2329865E-06,9.2341015E-06,9.2344944E-06,9.2350911E-06,9.2357968E-06,9.2394794E-06,9.2413529E-06,9.2411174E-06,9.2419186E-06,9.2424279E-06,9.2421687E-06,9.2418995E-06,9.2429836E-06
9.2411383E-06,9.2396685E-06,9.2394966E-06,9.2389646E-06,9.2408845E-06,9.2428499E-06,9.2426035E-06,9.2412729E-06,9.2414748E-06,9.2437604E-06,9.2455120E-06,9.2474129E-06,9.2489399E-06,9.2499431E-06,9.2506316E-06,9.2514219E-06,9.2532146E-06,9.2542996E-06,9.2550354E-06,9.2548880E-06,9.2553610E-06,9.2567934E-06,9.2570954E-06,9.2588016E-06,9.2607015E-06,9.2617456E-06,9.2633763E-06,9.2635228E-06,9.2634900E-06,9.2645323E-06,9.2659447E-06,9.2662822E-06,9.2666241E-06,9.2663204E-06,9.2664941E-06,9.2675345E-06
9.2665514E-06,9.2644514E-06,9.2627715E-06,9.2635782E-06,9.2649161E-06,9.2656182E-06,9.2650507E-06,9.2633172E-06,9.2637156E-06,9.2658174E-06,9.2670780E-06,9.2684104E-06,9.2699029E-06,9.2692708E-06,9.2687869E-06,9.2697037E-06,9.2698301E-06,9.2695363E-06,9.2704604E-06,9.2708433E-06,9.2702367E-06,9.2699047E-06,9.2692153E-06,9.2698829E-06,9.2711807E-06,9.2710352E-06,9.2707296E-06,9.2706514E-06,9.2699756E-06,9.2709824E-06,9.2727532E-06,9.2727205E-06,9.2725832E-06,9.2710352E-06,9.2699756E-06,9.2700766E-06
9.2692262E-06,9.2673818E-06,9.2662240E-06,9.2661739E-06,9.2650371E-06,9.2658047E-06,9.2661858E-06,9.2646842E-06,9.2647351E-06,9.2639957E-06,9.2634464E-06,9.2630307E-06,9.2628370E-06,9.2635955E-06,9.2634900E-06,9.2631844E-06,9.2630134E-06,9.2627861E-06,9.2611654E-06,9.2603504E-06,9.2598848E-06,9.2589962E-06,9.2582977E-06,9.2564642E-06,9.2560640E-06,9.2565260E-06,9.2558366E-06,9.2545906E-06,9.2544096E-06,9.2546170E-06,9.2540858E-06,9.2528771E-06,9.2516466E-06,9.2511464E-06,9.2506261E-06,9.2497330E-06
9.2469072E-06,9.2437076E-06,9.2420341E-06,9.2405653E-06,9.2398013E-06,9.2401015E-06,9.2395494E-06,9.2380233E-06,9.2365781E-06,9.2360678E-06,9.2358014E-06,9.2361079E-06,9.2355121E-06,9.2337214E-06,9.2321625E-06,9.2305627E-06,9.2296832E-06,9.2280679E-06,9.2264800E-06,9.2258060E-06,9.2242981E-06,9.2225273E-06,9.2215869E-06,9.2204636E-06,9.2186410E-06,9.2173996E-06,9.2173677E-06,9.2162754E-06,9.2150567E-06,9.2150785E-06,9.2147029E-06,9.2151713E-06,9.2153778E-06,9.2151204E-06,9.2156888E-06,9.2152404E-06
9.2138507E-06,9.2134733E-06,9.2130722E-06,9.2108376E-06,9.2092914E-06,9.2088048E-06,9.2091332E-06,9.2095306E-06,9.2096516E-06,9.2115051E-06,9.2117370E-06,9.2117207E-06,9.2135897E-06,9.2140272E-06,9.2143646E-06,9.2149676E-06,9.2159898E-06,9.2175369E-06,9.2185137E-06,9.2193413E-06,9.2192622E-06,9.2193986E-06,9.2206101E-06,9.2210230E-06,9.2210976E-06,9.2223418E-06,9.2228274E-06,9.2231812E-06,9.2246291E-06,9.2264281E-06,9.2284872E-06,9.2287310E-06,9.2285973E-06,9.2297623E-06,9.2306382E-06,9.2316004E-06
9.2310183E-06,9.2293185E-06,9.2303735E-06,9.2314322E-06,9.2309092E-06,9.2318196E-06,9.2342052E-06,9.2362179E-06,9.2374457E-06,9.2393338E-06,9.2404889E-06,9.2418031E-06,9.2436794E-06,9.2438167E-06,9.2449800E-06,9.2472001E-06,9.2483815E-06,9.2474829E-06,9.2471755E-06,9.2487589E-06,9.2506862E-06,9.2520204E-06,9.2526061E-06,9.2533373E-06,9.2525943E-06,9.2521022E-06,9.2527662E-06,9.2525552E-06,9.2531036E-06,9.2538503E-06,9.2534919E-06,9.2535774E-06,9.2541268E-06,9.2544124E-06,9.2546261E-06,9.2532582E-06
9.2522523E-06,9.2528344E-06,9.2509490E-06,9.2494838E-06,9.2499367E-06,9.2492937E-06,9.2492146E-06,9.2491373E-06,9.2484079E-06,9.2491655E-06,9.2511473E-06,9.2525606E-06,9.2529426E-06,9.2522050E-06,9.2517148E-06,9.2522569E-06,9.2529181E-06,9.2541240E-06,9.2546388E-06,9.2541850E-06,9.2536420E-06,9.2532409E-06,9.2524369E-06,9.2523205E-06,9.2527443E-06,9.2531063E-06,9.2532291E-06,9.2523551E-06,9.2530627E-06,9.2549417E-06,9.2553628E-06,9.2539503E-06,9.2528044E-06,9.2529099E-06,9.2531827E-06,9.2541823E-06
9.2537621E-06,9.2516911E-06,9.2497385E-06,9.2495611E-06,9.2510018E-06,9.2509263E-06,9.2504470E-06,9.2508590E-06,9.2516648E-06,9.2539722E-06,9.2551545E-06,9.2544405E-06,9.2544669E-06,9.2554828E-06,9.2556584E-06,9.2549790E-06,9.2549844E-06,9.2562495E-06,9.2571154E-06,9.2574755E-06,9.2585760E-06,9.2592709E-06,9.2601440E-06,9.2610089E-06,9.2598120E-06,9.2588771E-06,9.2590726E-06,9.2603850E-06,9.2625996E-06,9.2624987E-06,9.2625669E-06,9.2641385E-06,9.2650407E-06,9.2639548E-06,9.2630689E-06,9.2609298E-06
9.2575774E-06,9.2569680E-06,9.2561268E-06,9.2544933E-06,9.2539012E-06,9.2543105E-06,9.2535720E-06,9.2522778E-06,9.2531909E-06,9.2545515E-06,9.2544405E-06,9.2555192E-06,9.2571381E-06,9.2575074E-06,9.2580021E-06,9.2586142E-06,9.2580058E-06,9.2565824E-06,9.2564942E-06,9.2566761E-06,9.2562032E-06,9.2550808E-06,9.2552291E-06,9.2556211E-06,9.2552364E-06,9.2545160E-06,9.2550808E-06,9.2559449E-06,9.2551018E-06,9.2550599E-06,9.2548917E-06,9.2539194E-06,9.2531909E-06,9.2529844E-06,9.2520640E-06,9.2500604E-06
9.2477285E-06,9.2456821E-06,9.2446253E-06,9.2442005E-06,9.2431373E-06,9.2415594E-06,9.2412456E-06,9.2400442E-06,9.2378141E-06,9.2382279E-06,9.2418595E-06,9.2448863E-06,9.2445216E-06,9.2431692E-06,9.2418977E-06,9.2412220E-06,9.2405417E-06,9.2392338E-06,9.2384098E-06,9.2368537E-06,9.2344489E-06,9.2326863E-06,9.2306400E-06,9.2281089E-06,9.2271093E-06,9.2277969E-06,9.2275686E-06,9.2261916E-06,9.2240089E-06,9.2212449E-06,9.2201844E-06,9.2201017E-06,9.2189057E-06,9.2166865E-06,9.2134287E-06,9.2101145E-06
9.2077980E-06,9.2034161E-06,9.2006294E-06,9.2003202E-06,9.1989395E-06,9.1973734E-06,9.1946922E-06,9.1934416E-06,9.1937891E-06,9.1936199E-06,9.1941201E-06,9.1950369E-06,9.1952106E-06,9.1939364E-06,9.1924503E-06,9.1906340E-06,9.1898182E-06,9.1892898E-06,9.1882348E-06,9.1890724E-06,9.1899701E-06,9.1905449E-06,9.1907805E-06,9.1888560E-06,9.1869369E-06,9.1873471E-06,9.1884776E-06,9.1883630E-06,9.1876027E-06,9.1881811E-06,9.1880283E-06,9.1880065E-06,9.1876591E-06,9.1858019E-06,9.1852999E-06,9.1841466E-06
9.1820266E-06,9.1807688E-06,9.1800712E-06,9.1793208E-06,9.1766124E-06,9.1747952E-06,9.1741658E-06,9.1723768E-06,9.1725760E-06,9.1736438E-06,9.1736329E-06,9.1746151E-06,9.1748643E-06,9.1737365E-06,9.1741567E-06,9.1733418E-06,9.1713855E-06,9.1710472E-06,9.1710353E-06,9.1710426E-06,9.1715556E-06,9.1718139E-06,9.1714182E-06,9.1713773E-06,9.1707607E-06,9.1701640E-06,9.1702050E-06,9.1702659E-06,9.1713327E-06,9.1698967E-06,9.1667434E-06,9.1657157E-06,9.1653474E-06,9.1638085E-06,9.1603833E-06,9.1564216E-06
9.1527363E-06,9.1494749E-06,9.1481588E-06,9.1474749E-06,9.1450192E-06,9.1414158E-06,9.1374122E-06,9.1361517E-06,9.1348320E-06,9.1316760E-06,9.1292723E-06,9.1249649E-06,9.1213687E-06,9.1179218E-06,9.1127822E-06,9.1098864E-06,9.1071179E-06,9.1028896E-06,9.0997191E-06,9.0964577E-06,9.0919993E-06,9.0892308E-06,9.0858357E-06,9.0804160E-06,9.0768362E-06,9.0745652E-06,9.0725352E-06,9.0689191E-06,9.0667445E-06,9.0652084E-06,9.0629555E-06,9.0626636E-06,9.0614276E-06,9.0604699E-06,9.0602571E-06,9.0594704E-06
9.0586591E-06,9.0583071E-06,9.0587282E-06,9.0593458E-06,9.0585008E-06,9.0590274E-06,9.0607491E-06,9.0630147E-06,9.0663379E-06,9.0693165E-06,9.0729818E-06,9.0753792E-06,9.0760850E-06,9.0772164E-06,9.0777967E-06,9.0781414E-06,9.0789554E-06,9.0797748E-06,9.0810481E-06,9.0824569E-06,9.0833946E-06,9.0846242E-06,9.0862877E-06,9.0869280E-06,9.0874973E-06,9.0887943E-06,9.0901640E-06,9.0918102E-06,9.0939411E-06,9.0959947E-06,9.0982348E-06,9.0995791E-06,9.1003358E-06,9.1020602E-06,9.1038019E-06,9.1040556E-06
9.1034026E-06,9.1043566E-06,9.1059483E-06,9.1071179E-06,9.1097036E-06,9.1113752E-06,9.1132260E-06,9.1160746E-06,9.1181064E-06,9.1207894E-06,9.1249358E-06,9.1277125E-06,9.1290612E-06,9.1305565E-06,9.1315378E-06,9.1326665E-06,9.1343290E-06,9.1371594E-06,9.1397296E-06,9.1413913E-06,9.1424717E-06,9.1431821E-06,9.1435595E-06,9.1454103E-06,9.1482116E-06,9.1500678E-06,9.1493284E-06,9.1482025E-06,9.1483453E-06,9.1493839E-06,9.1522688E-06,9.1539287E-06,9.1535667E-06,9.1529009E-06,9.1532574E-06,9.1528864E-06
9.1503025E-06,9.1486800E-06,9.1500769E-06,9.1519932E-06,9.1521060E-06,9.1519341E-06,9.1522115E-06,9.1522543E-06,9.1530710E-06,9.1547999E-06,9.1547827E-06,9.1531283E-06,9.1531601E-06,9.1539350E-06,9.1528691E-06,9.1524798E-06,9.1533575E-06,9.1518023E-06,9.1506235E-06,9.1511929E-06,9.1506326E-06,9.1500269E-06,9.1502143E-06,9.1499651E-06,9.1497404E-06,9.1498186E-06,9.1481734E-06,9.1467718E-06,9.1451711E-06,9.1424272E-06,9.1407546E-06,9.1390739E-06,9.1371285E-06,9.1355305E-06,9.1323354E-06,9.1278543E-06
9.1269212E-06,9.1268139E-06,9.1238990E-06,9.1215597E-06,9.1202992E-06,9.1181264E-06,9.1163965E-06,9.1169231E-06,9.1178726E-06,9.1166239E-06,9.1149077E-06,9.1139582E-06,9.1134525E-06,9.1122929E-06,9.1107904E-06,9.1102083E-06,9.1098791E-06,9.1086176E-06,9.1050770E-06,9.1030115E-06,9.1035481E-06,9.1037882E-06,9.1029487E-06,9.1019165E-06,9.1010797E-06,9.0991243E-06,9.0975518E-06,9.0958283E-06,9.0927642E-06,9.0916019E-06,9.0914418E-06,9.0902731E-06,9.0898202E-06,9.0881713E-06,9.0848598E-06,9.0822805E-06
9.0807935E-06,9.0793856E-06,9.0774492E-06,9.0763578E-06,9.0745270E-06,9.0728472E-06,9.0729372E-06,9.0731119E-06,9.0736221E-06,9.0748626E-06,9.0744434E-06,9.0741269E-06,9.0743251E-06,9.0731273E-06,9.0717440E-06,9.0719041E-06,9.0722024E-06,9.0712538E-06,9.0716239E-06,9.0721714E-06,9.0723388E-06,9.0722870E-06,9.0724816E-06,9.0739950E-06,9.0750309E-06,9.0755275E-06,9.0765388E-06,9.0782905E-06,9.0801122E-06,9.0809972E-06,9.0816156E-06,9.0836693E-06,9.0860340E-06,9.0869353E-06,9.0865178E-06,9.0855565E-06
9.0851290E-06,9.0851417E-06,9.0857138E-06,9.0859357E-06,9.0862386E-06,9.0865888E-06,9.0869771E-06,9.0877284E-06,9.0885105E-06,9.0891935E-06,9.0888543E-06,9.0877447E-06,9.0876510E-06,9.0889480E-06,9.0890144E-06,9.0885605E-06,9.0884432E-06,9.0892990E-06,9.0901949E-06,9.0896028E-06,9.0881558E-06,9.0858257E-06,9.0859457E-06,9.0872545E-06,9.0863978E-06,9.0858366E-06,9.0851900E-06,9.0858548E-06,9.0865087E-06,9.0859576E-06,9.0855519E-06,9.0843605E-06,9.0850526E-06,9.0847216E-06,9.0818648E-06,9.0813319E-06
9.0819276E-06,9.0801659E-06,9.0788635E-06,9.0781532E-06,9.0778594E-06,9.0780941E-06,9.0771882E-06,9.0771819E-06,9.0779058E-06,9.0772719E-06,9.0772000E-06,9.0769499E-06,9.0767035E-06,9.0761614E-06,9.0756175E-06,9.0766207E-06,9.0758622E-06,9.0744234E-06,9.0738522E-06,9.0736421E-06,9.0738304E-06,9.0737885E-06,9.0728427E-06,9.0719650E-06,9.0707062E-06,9.0690974E-06,9.0689009E-06,9.0694993E-06,9.0697295E-06,9.0687363E-06,9.0657231E-06,9.0642015E-06,9.0637195E-06,9.0618860E-06,9.0599042E-06,9.0572930E-06
9.0545573E-06,9.0536942E-06,9.0535432E-06,9.0525164E-06,9.0512694E-06,9.0496478E-06,9.0493904E-06,9.0493777E-06,9.0482172E-06,9.0475378E-06,9.0457242E-06,9.0446429E-06,9.0441745E-06,9.0432632E-06,9.0417689E-06,9.0403719E-06,9.0410876E-06,9.0422136E-06,9.0435305E-06,9.0449657E-06,9.0447011E-06,9.0439044E-06,9.0436897E-06,9.0433377E-06,9.0430822E-06,9.0417288E-06,9.0428184E-06,9.0449339E-06,9.0455323E-06,9.0448748E-06,9.0442027E-06,9.0443191E-06,9.0433177E-06,9.0430640E-06,9.0417689E-06,9.0405829E-06
9.0397671E-06,9.0381973E-06,9.0368439E-06,9.0359827E-06,9.0357344E-06,9.0357462E-06,9.0366093E-06,9.0376006E-06,9.0388803E-06,9.0405438E-06,9.0418271E-06,9.0429648E-06,9.0438680E-06,9.0429939E-06,9.0437434E-06,9.0458270E-06,9.0466383E-06,9.0475578E-06,9.0484718E-06,9.0495059E-06,9.0503436E-06,9.0505100E-06,9.0510894E-06,9.0524081E-06,9.0528283E-06,9.0531876E-06,9.0552721E-06,9.0570184E-06,9.0585654E-06,9.0607182E-06,9.0629392E-06,9.0644644E-06,9.0658432E-06,9.0658123E-06,9.0669346E-06,9.0685935E-06
9.0682106E-06,9.0672229E-06,9.0667354E-06,9.0688836E-06,9.0697258E-06,9.0711501E-06,9.0739822E-06,9.0773456E-06,9.0815793E-06,9.0849362E-06,9.0862622E-06,9.0868261E-06,9.0880721E-06,9.0912099E-06,9.0950116E-06,9.0959338E-06,9.0992898E-06,9.1033471E-06,9.1045113E-06,9.1053325E-06,9.1075753E-06,9.1111269E-06,9.1139154E-06,9.1165020E-06,9.1181328E-06,9.1191032E-06,9.1213142E-06,9.1250613E-06,9.1291986E-06,9.1322508E-06,9.1327774E-06,9.1325155E-06,9.1350103E-06,9.1387264E-06,9.1393613E-06,9.1403299E-06
9.1441752E-06,9.1463535E-06,9.1466627E-06,9.1478860E-06,9.1503798E-06,9.1510919E-06,9.1533529E-06,9.1568199E-06,9.1597967E-06,9.1634292E-06,9.1649263E-06,9.1659349E-06,9.1670527E-06,9.1677230E-06,9.1700713E-06,9.1729789E-06,9.1753163E-06,9.1766924E-06,9.1777993E-06,9.1795073E-06,9.1809115E-06,9.1815764E-06,9.1825996E-06,9.1839938E-06,9.1844313E-06,9.1858965E-06,9.1868906E-06,9.1879428E-06,9.1891097E-06,9.1898055E-06,9.1901466E-06,9.1900501E-06,9.1907932E-06,9.1890215E-06,9.1857082E-06,9.1856800E-06
9.1872853E-06,9.1875272E-06,9.1854772E-06,9.1834936E-06,9.1825586E-06,9.1822367E-06,9.1827605E-06,9.1823012E-06,9.1813354E-06,9.1810798E-06,9.1811071E-06,9.1821785E-06,9.1817219E-06,9.1808861E-06,9.1822394E-06,9.1818174E-06,9.1805932E-06,9.1799484E-06,9.1791580E-06,9.1787879E-06,9.1796792E-06,9.1794363E-06,9.1791035E-06,9.1800239E-06,9.1799220E-06,9.1799529E-06,9.1796610E-06,9.1800703E-06,9.1808652E-06,9.1801121E-06,9.1799629E-06,9.1790525E-06,9.1766215E-06,9.1739648E-06,9.1711126E-06,9.1685506E-06
9.1673628E-06,9.1669108E-06,9.1657248E-06,9.1646225E-06,9.1634802E-06,9.1647025E-06,9.1665461E-06,9.1672755E-06,9.1670627E-06,9.1667289E-06,9.1669935E-06,9.1669754E-06,9.1674246E-06,9.1682623E-06,9.1692673E-06,9.1696256E-06,9.1706706E-06,9.1712727E-06,9.1701813E-06,9.1703096E-06,9.1708034E-06,9.1702877E-06,9.1711454E-06,9.1724587E-06,9.1735737E-06,9.1735001E-06,9.1722704E-06,9.1720431E-06,9.1732900E-06,9.1742531E-06,9.1738129E-06,9.1741376E-06,9.1738329E-06,9.1733073E-06,9.1724241E-06,9.1705770E-06
9.1689808E-06,9.1661868E-06,9.1638785E-06,9.1619504E-06,9.1615811E-06,9.1621814E-06,9.1617749E-06,9.1627189E-06,9.1629172E-06,9.1616748E-06,9.1601651E-06,9.1587599E-06,9.1584834E-06,9.1588190E-06,9.1581742E-06,9.1571364E-06,9.1567090E-06,9.1578249E-06,9.1586016E-06,9.1577958E-06,9.1579168E-06,9.1580960E-06,9.1564252E-06,9.1561887E-06,9.1558231E-06,9.1530874E-06,9.1521306E-06,9.1520451E-06,9.1516977E-06,9.1508837E-06,9.1489492E-06,9.1476349E-06,9.1474649E-06,9.1449010E-06,9.1411439E-06,9.1400625E-06
9.1411748E-06,9.1404909E-06,9.1377224E-06,9.1365737E-06,9.1356260E-06,9.1347265E-06,9.1348265E-06,9.1356678E-06,9.1359161E-06,9.1358906E-06,9.1377251E-06,9.1382635E-06,9.1366373E-06,9.1360898E-06,9.1371412E-06,9.1374859E-06,9.1362253E-06,9.1377824E-06,9.1382226E-06,9.1369202E-06,9.1394486E-06,9.1410784E-06,9.1405964E-06,9.1417314E-06,9.1444272E-06,9.1442716E-06,9.1428656E-06,9.1434858E-06,9.1454403E-06,9.1469437E-06,9.1465581E-06,9.1466218E-06,9.1461161E-06,9.1453176E-06,9.1446982E-06,9.1450220E-06
9.1462307E-06,9.1451984E-06,9.1429201E-06,9.1418287E-06,9.1424472E-06,9.1433849E-06,9.1449901E-06,9.1465426E-06,9.1491302E-06,9.1500351E-06,9.1499296E-06,9.1518823E-06,9.1550464E-06,9.1561951E-06,9.1556130E-06,9.1568609E-06,9.1576439E-06,9.1580332E-06,9.1603006E-06,9.1628317E-06,9.1639758E-06,9.1668544E-06,9.1688280E-06,9.1689917E-06,9.1695028E-06,9.1699476E-06,9.1709517E-06,9.1705169E-06,9.1709553E-06,9.1728443E-06,9.1727688E-06,9.1727325E-06,9.1726997E-06,9.1719539E-06,9.1709553E-06,9.1707134E-06
9.1718630E-06,9.1704669E-06,9.1686479E-06,9.1681386E-06,9.1676611E-06,9.1685106E-06,9.1675720E-06,9.1676120E-06,9.1685133E-06,9.1684669E-06,9.1691736E-06,9.1692755E-06,9.1689035E-06,9.1686688E-06,9.1686161E-06,9.1692382E-06,9.1688262E-06,9.1685188E-06,9.1698212E-06,9.1697802E-06,9.1690008E-06,9.1680276E-06,9.1665388E-06,9.1678412E-06,9.1695729E-06,9.1696402E-06,9.1695638E-06,9.1682650E-06,9.1680567E-06,9.1690954E-06,9.1692964E-06,9.1686916E-06,9.1684487E-06,9.1678276E-06,9.1666670E-06,9.1658612E-06
9.1672355E-06,9.1672919E-06,9.1646834E-06,9.1635438E-06,9.1639340E-06,9.1653819E-06,9.1658967E-06,9.1666197E-06,9.1663869E-06,9.1667753E-06,9.1666452E-06,9.1663314E-06,9.1679085E-06,9.1674019E-06,9.1674510E-06,9.1682323E-06,9.1682950E-06,9.1694119E-06,9.1691099E-06,9.1685915E-06,9.1688116E-06,9.1687216E-06,9.1692109E-06,9.1691381E-06,9.1689617E-06,9.1687680E-06,9.1688353E-06,9.1686688E-06,9.1685397E-06,9.1690399E-06,9.1686907E-06,9.1670236E-06,9.1664424E-06,9.1656257E-06,9.1642360E-06,9.1649726E-06
9.1662569E-06,9.1647198E-06,9.1621005E-06,9.1616366E-06,9.1601414E-06,9.1593220E-06,9.1595339E-06,9.1587726E-06,9.1592774E-06,9.1590900E-06,9.1586553E-06,9.1594484E-06,9.1614065E-06,9.1614984E-06,9.1596921E-06,9.1601369E-06,9.1607262E-06,9.1604143E-06,9.1601714E-06,9.1597822E-06,9.1610009E-06,9.1617685E-06,9.1617321E-06,9.1617703E-06,9.1633310E-06,9.1636748E-06,9.1620022E-06,9.1635529E-06,9.1659294E-06,9.1669599E-06,9.1672409E-06,9.1677457E-06,9.1686516E-06,9.1716356E-06,9.1738211E-06,9.1738602E-06
9.1754946E-06,9.1753209E-06,9.1750244E-06,9.1767506E-06,9.1769180E-06,9.1771317E-06,9.1776128E-06,9.1775691E-06,9.1775246E-06,9.1770516E-06,9.1757520E-06,9.1742549E-06,9.1725369E-06,9.1715501E-06,9.1719539E-06,9.1691099E-06,9.1648235E-06,9.1626289E-06,9.1610991E-06,9.1590182E-06,9.1567481E-06,9.1542524E-06,9.1510437E-06,9.1496749E-06,9.1501888E-06,9.1490119E-06,9.1476595E-06,9.1478441E-06,9.1465381E-06,9.1445026E-06,9.1434695E-06,9.1423144E-06,9.1385773E-06,9.1339298E-06,9.1324136E-06,9.1332731E-06
9.1330830E-06,9.1325965E-06,9.1305883E-06,9.1276470E-06,9.1265256E-06,9.1271031E-06,9.1272714E-06,9.1256870E-06,9.1253451E-06,9.1254360E-06,9.1249776E-06,9.1236516E-06,9.1226211E-06,9.1219144E-06,9.1209986E-06,9.1201473E-06,9.1180509E-06,9.1165357E-06,9.1163256E-06,9.1153925E-06,9.1153033E-06,9.1156562E-06,9.1152588E-06,9.1141437E-06,9.1127131E-06,9.1125894E-06,9.1111824E-06,9.1091679E-06,9.1084785E-06,9.1062311E-06,9.1040229E-06,9.1022739E-06,9.1000902E-06,9.0971762E-06,9.0952089E-06,9.0936855E-06
9.0914600E-06,9.0891344E-06,9.0848798E-06,9.0816184E-06,9.0796948E-06,9.0774174E-06,9.0762633E-06,9.0749809E-06,9.0734757E-06,9.0734575E-06,9.0724343E-06,9.0717876E-06,9.0736994E-06,9.0748181E-06,9.0738777E-06,9.0740068E-06,9.0748035E-06,9.0746998E-06,9.0737785E-06,9.0736430E-06,9.0741123E-06,9.0737485E-06,9.0736603E-06,9.0737494E-06,9.0736676E-06,9.0745989E-06,9.0751837E-06,9.0746771E-06,9.0742205E-06,9.0736657E-06,9.0722324E-06,9.0695657E-06,9.0676904E-06,9.0657313E-06,9.0630192E-06,9.0607873E-06
9.0584290E-06,9.0569038E-06,9.0548938E-06,9.0510766E-06,9.0486901E-06,9.0476396E-06,9.0456388E-06,9.0434578E-06,9.0414815E-06,9.0401463E-06,9.0396879E-06,9.0387430E-06,9.0368421E-06,9.0355952E-06,9.0343483E-06,9.0323765E-06,9.0310032E-06,9.0290432E-06,9.0268040E-06,9.0255726E-06,9.0246667E-06,9.0229923E-06,9.0208714E-06,9.0197918E-06,9.0205440E-06,9.0196254E-06,9.0163803E-06,9.0129370E-06,9.0096692E-06,9.0073336E-06,9.0054182E-06,9.0028743E-06,8.9987716E-06,8.9958939E-06,8.9932591E-06,8.9897212E-06
8.9883006E-06,8.9854566E-06,8.9823798E-06,8.9799869E-06,8.9789873E-06,8.9785617E-06,8.9765008E-06,8.9749865E-06,8.9736541E-06,8.9741579E-06,8.9753548E-06,8.9758760E-06,8.9774512E-06,8.9789983E-06,8.9793739E-06,8.9809137E-06,8.9839705E-06,8.9878349E-06,8.9902578E-06,8.9924297E-06,8.9958830E-06,9.0006360E-06,9.0064941E-06,9.0100721E-06,9.0130861E-06,9.0176245E-06,9.0213925E-06,9.0233925E-06,9.0250814E-06,9.0262420E-06,9.0266803E-06,9.0257890E-06,9.0240192E-06,9.0223593E-06,9.0215908E-06,9.0206486E-06
9.0193680E-06,9.0161775E-06,9.0120275E-06,9.0105323E-06,9.0092490E-06,9.0076692E-06,9.0062895E-06,9.0048488E-06,9.0050053E-06,9.0059784E-06,9.0060739E-06,9.0065587E-06,9.0077610E-06,9.0097192E-06,9.0122821E-06,9.0163749E-06,9.0214107E-06,9.0257672E-06,9.0293861E-06,9.0330586E-06,9.0373996E-06,9.0409667E-06,9.0434742E-06,9.0466665E-06,9.0506910E-06,9.0541735E-06,9.0571766E-06,9.0610765E-06,9.0644971E-06,9.0670956E-06,9.0699423E-06,9.0724980E-06,9.0747071E-06,9.0766371E-06,9.0794356E-06,9.0832973E-06
9.0864196E-06,9.0864905E-06,9.0845287E-06,9.0834910E-06,9.0847998E-06,9.0874919E-06,9.0881540E-06,9.0883868E-06,9.0895373E-06,9.0917274E-06,9.0932008E-06,9.0930653E-06,9.0933900E-06,9.0941121E-06,9.0938702E-06,9.0937783E-06,9.0941940E-06,9.0943258E-06,9.0944495E-06,9.0940312E-06,9.0948879E-06,9.0955946E-06,9.0943586E-06,9.0934163E-06,9.0930553E-06,9.0913427E-06,9.0894173E-06,9.0882477E-06,9.0868216E-06,9.0843423E-06,9.0815920E-06,9.0778967E-06,9.0743479E-06,9.0720086E-06,9.0683170E-06,9.0648446E-06
9.0624253E-06,9.0579106E-06,9.0516569E-06,9.0455951E-06,9.0412086E-06,9.0373333E-06,9.0327603E-06,9.0301355E-06,9.0277490E-06,9.0247176E-06,9.0229978E-06,9.0219009E-06,9.0197109E-06,9.0167732E-06,9.0149770E-06,9.0132989E-06,9.0115336E-06,9.0103249E-06,9.0084250E-06,9.0058393E-06,9.0037665E-06,9.0025287E-06,8.9995956E-06,8.9963105E-06,8.9937448E-06,8.9896803E-06,8.9885316E-06,8.9859268E-06,8.9812293E-06,8.9773603E-06,8.9734149E-06,8.9710420E-06,8.9684881E-06,8.9652758E-06,8.9616242E-06,8.9587475E-06
8.9558462E-06,8.9515952E-06,8.9471159E-06,8.9429359E-06,8.9394916E-06,8.9373307E-06,8.9358209E-06,8.9343721E-06,8.9315517E-06,8.9277755E-06,8.9252890E-06,8.9235309E-06,8.9205032E-06,8.9169544E-06,8.9145751E-06,8.9123887E-06,8.9078803E-06,8.9029945E-06,8.8990218E-06,8.8951810E-06,8.8911629E-06,8.8877687E-06,8.8847337E-06,8.8808101E-06,8.8776333E-06,8.8747329E-06,8.8709285E-06,8.8672841E-06,8.8637498E-06,8.8610477E-06,8.8585157E-06,8.8559200E-06,8.8535316E-06,8.8516945E-06,8.8507395E-06,8.8495508E-06
8.8474208E-06,8.8441047E-06,8.8404213E-06,8.8369834E-06,8.8364850E-06,8.8369570E-06,8.8350534E-06,8.8330671E-06,8.8326542E-06,8.8324014E-06,8.8307079E-06,8.8293700E-06,8.8294400E-06,8.8294928E-06,8.8282568E-06,8.8262577E-06,8.8267880E-06,8.8263096E-06,8.8265551E-06,8.8279803E-06,8.8275765E-06,8.8278757E-06,8.8276320E-06,8.8277484E-06,8.8275301E-06,8.8259085E-06,8.8243760E-06,8.8239940E-06,8.8254646E-06,8.8253164E-06,8.8246670E-06,8.8256684E-06,8.8257884E-06,8.8260986E-06,8.8273864E-06,8.8280904E-06
