8.7929038E-06,8.7936669E-06,8.7951203E-06,8.7947128E-06,8.7951957E-06,8.7955505E-06,8.7953313E-06,8.7969074E-06,8.7981734E-06,8.7999533E-06,8.8005718E-06,8.7995131E-06,8.7995922E-06,8.8002525E-06,8.8010129E-06,8.8004199E-06,8.7995522E-06,8.7993458E-06,8.8002016E-06,8.7998478E-06,8.7997923E-06,8.7998014E-06,8.7990502E-06,8.7993339E-06,8.7984481E-06,8.7986100E-06,8.8013867E-06,8.8018187E-06,8.7986500E-06,8.7983235E-06,8.7994158E-06,8.7984063E-06,8.7984026E-06,8.7997760E-06,8.8007191E-06,8.8013949E-06
8.8006482E-06,8.7975777E-06,8.7959206E-06,8.7962917E-06,8.7967801E-06,8.7974085E-06,8.7974513E-06,8.7971266E-06,8.7973922E-06,8.7978797E-06,8.7984699E-06,8.7989965E-06,8.7998360E-06,8.7995122E-06,8.7987046E-06,8.7990711E-06,8.7996341E-06,8.8004781E-06,8.8010283E-06,8.8007555E-06,8.7994531E-06,8.7991557E-06,8.7989574E-06,8.7980434E-06,8.7981316E-06,8.7981662E-06,8.7982362E-06,8.7994631E-06,8.8011184E-06,8.8025490E-06,8.8005272E-06,8.7980034E-06,8.7989947E-06,8.8001161E-06,8.8016723E-06,8.8026372E-06
8.8020815E-06,8.8015240E-06,8.7987209E-06,8.7974013E-06,8.7990547E-06,8.7990011E-06,8.7993249E-06,8.7988137E-06,8.7973640E-06,8.7972039E-06,8.7965745E-06,8.7970220E-06,8.7983417E-06,8.7989156E-06,8.7999715E-06,8.8007200E-06,8.8000825E-06,8.7993812E-06,8.7992548E-06,8.7989192E-06,8.7988692E-06,8.7986928E-06,8.7997187E-06,8.8016868E-06,8.8018887E-06,8.8016422E-06,8.8013985E-06,8.8003280E-06,8.8009019E-06,8.8022607E-06,8.8016668E-06,8.7997723E-06,8.7988410E-06,8.8002162E-06,8.8015431E-06,8.8025108E-06
8.8028792E-06,8.8018505E-06,8.7991584E-06,8.7971302E-06,8.7958197E-06,8.7949829E-06,8.7958660E-06,8.7948438E-06,8.7936951E-06,8.7939352E-06,8.7950648E-06,8.7966246E-06,8.7962562E-06,8.7949147E-06,8.7951885E-06,8.7960034E-06,8.7955768E-06,8.7961662E-06,8.7968201E-06,8.7977005E-06,8.7980115E-06,8.7969629E-06,8.7972894E-06,8.7982653E-06,8.7987282E-06,8.7991066E-06,8.7991484E-06,8.7985391E-06,8.7994749E-06,8.8002298E-06,8.7990838E-06,8.7984399E-06,8.7974649E-06,8.7973804E-06,8.7983562E-06,8.7996332E-06
8.8015513E-06,8.7986500E-06,8.7955996E-06,8.7967028E-06,8.7964399E-06,8.7962408E-06,8.7962544E-06,8.7964272E-06,8.7969993E-06,8.7973831E-06,8.7970966E-06,8.7965136E-06,8.7979988E-06,8.7984417E-06,8.7973667E-06,8.7970920E-06,8.7970975E-06,8.7950384E-06,8.7937124E-06,8.7950584E-06,8.7964163E-06,8.7986946E-06,8.7999451E-06,8.7996441E-06,8.7998942E-06,8.7997096E-06,8.8004763E-06,8.8012721E-06,8.8010338E-06,8.8016095E-06,8.8011820E-06,8.7996677E-06,8.7984990E-06,8.7979151E-06,8.7991375E-06,8.7992639E-06
8.7992248E-06,8.7996514E-06,8.7963790E-06,8.7938451E-06,8.7935650E-06,8.7952658E-06,8.7974786E-06,8.7974377E-06,8.7963244E-06,8.7954522E-06,8.7955850E-06,8.7949456E-06,8.7955741E-06,8.7966791E-06,8.7970566E-06,8.7973667E-06,8.7965245E-06,8.7956450E-06,8.7960288E-06,8.7973403E-06,8.7992412E-06,8.8015895E-06,8.8022507E-06,8.8032239E-06,8.8037805E-06,8.8030065E-06,8.8021343E-06,8.8025827E-06,8.8024562E-06,8.8001470E-06,8.8004781E-06,8.8015122E-06,8.7999588E-06,8.7995868E-06,8.8014322E-06,8.8036704E-06
8.8052066E-06,8.8024599E-06,8.7983781E-06,8.7970984E-06,8.7974240E-06,8.7969192E-06,8.7972121E-06,8.7979033E-06,8.7963581E-06,8.7959661E-06,8.7972039E-06,8.7974604E-06,8.7962135E-06,8.7972057E-06,8.7981080E-06,8.7962935E-06,8.7964063E-06,8.7969238E-06,8.7973804E-06,8.7980634E-06,8.7983017E-06,8.8001088E-06,8.8014258E-06,8.8012994E-06,8.8015831E-06,8.8007473E-06,8.8002735E-06,8.8010547E-06,8.8007764E-06,8.7998014E-06,8.7991011E-06,8.7989674E-06,8.7982598E-06,8.7970839E-06,8.7961225E-06,8.7965946E-06
8.7987646E-06,8.7993649E-06,8.7974067E-06,8.7961889E-06,8.7964099E-06,8.7980416E-06,8.7974749E-06,8.7949302E-06,8.7941389E-06,8.7952430E-06,8.7964172E-06,8.7962016E-06,8.7955886E-06,8.7951521E-06,8.7947565E-06,8.7945300E-06,8.7958551E-06,8.7969374E-06,8.7971293E-06,8.7977760E-06,8.7984999E-06,8.7995204E-06,8.8003671E-06,8.8001379E-06,8.8006045E-06,8.8016723E-06,8.8017068E-06,8.8006227E-06,8.7999033E-06,8.7988737E-06,8.7973467E-06,8.7973012E-06,8.7968538E-06,8.7945318E-06,8.7946519E-06,8.7973303E-06
8.7986500E-06,8.7976950E-06,8.7958688E-06,8.7955532E-06,8.7959961E-06,8.7957287E-06,8.7958560E-06,8.7957187E-06,8.7949365E-06,8.7951666E-06,8.7952931E-06,8.7953467E-06,8.7960225E-06,8.7964609E-06,8.7958924E-06,8.7945873E-06,8.7944882E-06,8.7958197E-06,8.7975522E-06,8.7982953E-06,8.7969192E-06,8.7958533E-06,8.7961416E-06,8.7958806E-06,8.7950821E-06,8.7950311E-06,8.7966009E-06,8.7964108E-06,8.7957360E-06,8.7982626E-06,8.7979806E-06,8.7967537E-06,8.7958260E-06,8.7936632E-06,8.7935468E-06,8.7942571E-06
8.7959461E-06,8.7971066E-06,8.7936978E-06,8.7919498E-06,8.7931958E-06,8.7933149E-06,8.7950120E-06,8.7949802E-06,8.7941316E-06,8.7952185E-06,8.7953858E-06,8.7950211E-06,8.7943763E-06,8.7939734E-06,8.7928465E-06,8.7929402E-06,8.7960907E-06,8.7979088E-06,8.7987228E-06,8.7991839E-06,8.8004162E-06,8.8013257E-06,8.7995968E-06,8.7985527E-06,8.7992757E-06,8.8004199E-06,8.8013348E-06,8.8023853E-06,8.8018187E-06,8.8002744E-06,8.8001670E-06,8.7995504E-06,8.7991348E-06,8.7995068E-06,8.7987282E-06,8.7980397E-06
8.7985609E-06,8.7986946E-06,8.7976032E-06,8.7973740E-06,8.7979188E-06,8.7988265E-06,8.7985918E-06,8.7980197E-06,8.7986309E-06,8.7984617E-06,8.7998160E-06,8.8011648E-06,8.8003671E-06,8.7993785E-06,8.7994658E-06,8.8005991E-06,8.8022798E-06,8.8039569E-06,8.8042925E-06,8.8038096E-06,8.8034822E-06,8.8033175E-06,8.8031802E-06,8.8046045E-06,8.8056295E-06,8.8053202E-06,8.8073693E-06,8.8089346E-06,8.8087354E-06,8.8094785E-06,8.8107545E-06,8.8112501E-06,8.8122779E-06,8.8124170E-06,8.8117158E-06,8.8147044E-06
8.8182242E-06,8.8200422E-06,8.8217830E-06,8.8227825E-06,8.8264569E-06,8.8314273E-06,8.8350571E-06,8.8389370E-06,8.8432007E-06,8.8476590E-06,8.8519591E-06,8.8563893E-06,8.8606475E-06,8.8652423E-06,8.8709785E-06,8.8765746E-06,8.8818288E-06,8.8866245E-06,8.8922152E-06,8.8976431E-06,8.9021296E-06,8.9067153E-06,8.9108908E-06,8.9154200E-06,8.9207660E-06,8.9260184E-06,8.9306850E-06,8.9351315E-06,8.9397563E-06,8.9450677E-06,8.9494924E-06,8.9521018E-06,8.9548330E-06,8.9574678E-06,8.9586865E-06,8.9596260E-06
8.9624209E-06,8.9640998E-06,8.9651958E-06,8.9680825E-06,8.9702444E-06,8.9720452E-06,8.9748582E-06,8.9769910E-06,8.9765226E-06,8.9769965E-06,8.9787945E-06,8.9804716E-06,8.9818486E-06,8.9833320E-06,8.9859295E-06,8.9893310E-06,8.9919504E-06,8.9933701E-06,8.9948198E-06,8.9965306E-06,8.9985224E-06,9.0008270E-06,9.0035955E-06,9.0060284E-06,9.0092317E-06,9.0135436E-06,9.0171534E-06,9.0198309E-06,9.0236408E-06,9.0290941E-06,9.0336416E-06,9.0371332E-06,9.0403391E-06,9.0433186E-06,9.0470412E-06,9.0510093E-06
9.0534795E-06,9.0557387E-06,9.0590793E-06,9.0631956E-06,9.0672229E-06,9.0697731E-06,9.0719186E-06,9.0741987E-06,9.0754747E-06,9.0762487E-06,9.0782496E-06,9.0806707E-06,9.0829108E-06,9.0855001E-06,9.0876283E-06,9.0886579E-06,9.0896819E-06,9.0915373E-06,9.0938656E-06,9.0951926E-06,9.0951316E-06,9.0953417E-06,9.0961548E-06,9.0965068E-06,9.0962185E-06,9.0968697E-06,9.0985713E-06,9.0987505E-06,9.0987469E-06,9.0997828E-06,9.1001339E-06,9.1005195E-06,9.1012780E-06,9.1018373E-06,9.1000975E-06,9.0971216E-06
9.0960257E-06,9.0969152E-06,9.0967924E-06,9.0966223E-06,9.0972053E-06,9.0972326E-06,9.0990934E-06,9.1000975E-06,9.1003621E-06,9.1010888E-06,9.0995945E-06,9.0981084E-06,9.0987469E-06,9.0993089E-06,9.0979201E-06,9.0980593E-06,9.0994181E-06,9.0986614E-06,9.0985450E-06,9.0983613E-06,9.0965996E-06,9.0955582E-06,9.0943558E-06,9.0930271E-06,9.0919921E-06,9.0911226E-06,9.0912599E-06,9.0898593E-06,9.0876438E-06,9.0887443E-06,9.0897611E-06,9.0874973E-06,9.0858757E-06,9.0845569E-06,9.0809908E-06,9.0777876E-06
9.0752201E-06,9.0717203E-06,9.0694129E-06,9.0662888E-06,9.0632775E-06,9.0611265E-06,9.0567901E-06,9.0522790E-06,9.0487574E-06,9.0450885E-06,9.0420908E-06,9.0389949E-06,9.0358435E-06,9.0344556E-06,9.0335197E-06,9.0308931E-06,9.0273452E-06,9.0249496E-06,9.0227813E-06,9.0204403E-06,9.0186804E-06,9.0161602E-06,9.0133662E-06,9.0115354E-06,9.0091762E-06,9.0067097E-06,9.0054964E-06,9.0037774E-06,9.0017520E-06,9.0006688E-06,8.9996383E-06,8.9982250E-06,8.9959885E-06,8.9941468E-06,8.9920750E-06,8.9887380E-06
8.9851210E-06,8.9820405E-06,8.9797813E-06,8.9784426E-06,8.9778014E-06,8.9764835E-06,8.9747546E-06,8.9731193E-06,8.9709119E-06,8.9696050E-06,8.9693531E-06,8.9703162E-06,8.9712430E-06,8.9718351E-06,8.9729046E-06,8.9741770E-06,8.9753630E-06,8.9774148E-06,8.9796849E-06,8.9804780E-06,8.9812647E-06,8.9838395E-06,8.9867235E-06,8.9880059E-06,8.9899822E-06,8.9920913E-06,8.9941423E-06,8.9966143E-06,8.9995856E-06,9.0024796E-06,9.0054782E-06,9.0094118E-06,9.0118920E-06,9.0127060E-06,9.0143749E-06,9.0164431E-06
9.0183958E-06,9.0210324E-06,9.0237145E-06,9.0256799E-06,9.0291269E-06,9.0332087E-06,9.0346848E-06,9.0360445E-06,9.0388248E-06,9.0417407E-06,9.0434987E-06,9.0464136E-06,9.0498343E-06,9.0517724E-06,9.0544345E-06,9.0567173E-06,9.0574158E-06,9.0598332E-06,9.0632420E-06,9.0660706E-06,9.0679623E-06,9.0686690E-06,9.0695730E-06,9.0714129E-06,9.0734838E-06,9.0745725E-06,9.0756566E-06,9.0775675E-06,9.0802896E-06,9.0827698E-06,9.0836284E-06,9.0831972E-06,9.0834637E-06,9.0846361E-06,9.0849508E-06,9.0845178E-06
9.0837184E-06,9.0818785E-06,9.0808444E-06,9.0806343E-06,9.0813355E-06,9.0811663E-06,9.0799276E-06,9.0812700E-06,9.0825952E-06,9.0827725E-06,9.0837811E-06,9.0847370E-06,9.0856256E-06,9.0874182E-06,9.0882158E-06,9.0883650E-06,9.0889907E-06,9.0889780E-06,9.0875874E-06,9.0880985E-06,9.0911344E-06,9.0912508E-06,9.0904668E-06,9.0904496E-06,9.0914500E-06,9.0925023E-06,9.0929780E-06,9.0938902E-06,9.0950953E-06,9.0966114E-06,9.0962821E-06,9.0977901E-06,9.0999911E-06,9.1003376E-06,9.1013990E-06,9.1020302E-06
9.1021056E-06,9.1012480E-06,9.1006286E-06,9.1014590E-06,9.1007114E-06,9.1006759E-06,9.1017400E-06,9.1017819E-06,9.1009915E-06,9.1018956E-06,9.1048769E-06,9.1060438E-06,9.1063839E-06,9.1071643E-06,9.1077945E-06,9.1068541E-06,9.1062902E-06,9.1080101E-06,9.1086458E-06,9.1081865E-06,9.1090487E-06,9.1102538E-06,9.1099337E-06,9.1105358E-06,9.1115025E-06,9.1112943E-06,9.1116717E-06,9.1118591E-06,9.1131251E-06,9.1135807E-06,9.1127522E-06,9.1149486E-06,9.1174752E-06,9.1172906E-06,9.1162228E-06,9.1151769E-06
9.1146994E-06,9.1144684E-06,9.1141564E-06,9.1126067E-06,9.1115871E-06,9.1115608E-06,9.1098154E-06,9.1096308E-06,9.1102838E-06,9.1102656E-06,9.1108668E-06,9.1125903E-06,9.1144629E-06,9.1156735E-06,9.1167021E-06,9.1171560E-06,9.1164011E-06,9.1160400E-06,9.1155016E-06,9.1149841E-06,9.1151360E-06,9.1148750E-06,9.1150050E-06,9.1151451E-06,9.1155316E-06,9.1151569E-06,9.1155689E-06,9.1171050E-06,9.1174197E-06,9.1156307E-06,9.1154552E-06,9.1161482E-06,9.1160600E-06,9.1165957E-06,9.1166648E-06,9.1161028E-06
9.1138836E-06,9.1118500E-06,9.1114261E-06,9.1119118E-06,9.1112352E-06,9.1108995E-06,9.1116954E-06,9.1112533E-06,9.1118818E-06,9.1125812E-06,9.1142410E-06,9.1152096E-06,9.1131505E-06,9.1111769E-06,9.1099046E-06,9.1095289E-06,9.1099500E-06,9.1122429E-06,9.1133916E-06,9.1127713E-06,9.1131214E-06,9.1133170E-06,9.1128586E-06,9.1124539E-06,9.1124830E-06,9.1126849E-06,9.1122492E-06,9.1121683E-06,9.1123547E-06,9.1125130E-06,9.1134134E-06,9.1143802E-06,9.1147376E-06,9.1146794E-06,9.1139136E-06,9.1135980E-06
9.1142019E-06,9.1118645E-06,9.1104575E-06,9.1104466E-06,9.1088086E-06,9.1076681E-06,9.1072743E-06,9.1082538E-06,9.1087631E-06,9.1097663E-06,9.1105721E-06,9.1100210E-06,9.1088859E-06,9.1085785E-06,9.1093680E-06,9.1096344E-06,9.1105530E-06,9.1107358E-06,9.1116626E-06,9.1117799E-06,9.1115708E-06,9.1132733E-06,9.1130969E-06,9.1126058E-06,9.1131669E-06,9.1133270E-06,9.1120146E-06,9.1123684E-06,9.1143629E-06,9.1137072E-06,9.1137226E-06,9.1138909E-06,9.1129550E-06,9.1127049E-06,9.1127540E-06,9.1130796E-06
9.1125812E-06,9.1111624E-06,9.1090169E-06,9.1080419E-06,9.1083457E-06,9.1088168E-06,9.1086713E-06,9.1072206E-06,9.1070924E-06,9.1071915E-06,9.1069351E-06,9.1069814E-06,9.1084739E-06,9.1103429E-06,9.1114962E-06,9.1114716E-06,9.1101847E-06,9.1106949E-06,9.1101474E-06,9.1086131E-06,9.1089932E-06,9.1085694E-06,9.1084885E-06,9.1087113E-06,9.1080574E-06,9.1093889E-06,9.1102511E-06,9.1098082E-06,9.1086658E-06,9.1090214E-06,9.1098491E-06,9.1102947E-06,9.1115435E-06,9.1116435E-06,9.1114689E-06,9.1117554E-06
9.1101492E-06,9.1100828E-06,9.1093598E-06,9.1062839E-06,9.1057145E-06,9.1068023E-06,9.1076854E-06,9.1082138E-06,9.1081574E-06,9.1075517E-06,9.1098573E-06,9.1116681E-06,9.1111888E-06,9.1104539E-06,9.1115389E-06,9.1124011E-06,9.1119118E-06,9.1128631E-06,9.1138554E-06,9.1127313E-06,9.1122902E-06,9.1120746E-06,9.1116071E-06,9.1116008E-06,9.1117463E-06,9.1118281E-06,9.1104976E-06,9.1102665E-06,9.1104812E-06,9.1107495E-06,9.1106149E-06,9.1095007E-06,9.1093052E-06,9.1097108E-06,9.1093652E-06,9.1093616E-06
9.1067459E-06,9.1040247E-06,9.1033671E-06,9.1014317E-06,9.1002048E-06,9.0995581E-06,9.0996436E-06,9.0993317E-06,9.0993153E-06,9.1002857E-06,9.1003785E-06,9.1007714E-06,9.1024149E-06,9.1030688E-06,9.1010679E-06,9.1000929E-06,9.1005259E-06,9.1004840E-06,9.0986077E-06,9.0972280E-06,9.0984495E-06,9.1000493E-06,9.1010434E-06,9.1011079E-06,9.1002748E-06,9.0996145E-06,9.0986796E-06,9.0961166E-06,9.0939247E-06,9.0928388E-06,9.0941685E-06,9.0954618E-06,9.0950289E-06,9.0957064E-06,9.0964068E-06,9.0962721E-06
9.0944623E-06,9.0916710E-06,9.0905860E-06,9.0912545E-06,9.0917247E-06,9.0904905E-06,9.0897765E-06,9.0900294E-06,9.0900075E-06,9.0903732E-06,9.0895064E-06,9.0890189E-06,9.0887843E-06,9.0882931E-06,9.0881049E-06,9.0861822E-06,9.0851345E-06,9.0847297E-06,9.0843187E-06,9.0844251E-06,9.0829280E-06,9.0804078E-06,9.0796939E-06,9.0812664E-06,9.0810790E-06,9.0812991E-06,9.0819522E-06,9.0794410E-06,9.0779531E-06,9.0780513E-06,9.0765643E-06,9.0758431E-06,9.0762442E-06,9.0763233E-06,9.0766234E-06,9.0767307E-06
9.0757785E-06,9.0725261E-06,9.0695576E-06,9.0680851E-06,9.0665071E-06,9.0640588E-06,9.0626981E-06,9.0643825E-06,9.0666581E-06,9.0663043E-06,9.0659996E-06,9.0672311E-06,9.0668291E-06,9.0672265E-06,9.0697795E-06,9.0702506E-06,9.0682579E-06,9.0683634E-06,9.0698122E-06,9.0690346E-06,9.0680551E-06,9.0682215E-06,9.0694484E-06,9.0713538E-06,9.0712019E-06,9.0714984E-06,9.0716949E-06,9.0708845E-06,9.0714693E-06,9.0717576E-06,9.0729773E-06,9.0743051E-06,9.0760877E-06,9.0781814E-06,9.0786061E-06,9.0783769E-06
9.0772528E-06,9.0769545E-06,9.0776102E-06,9.0777848E-06,9.0767680E-06,9.0762960E-06,9.0776066E-06,9.0792510E-06,9.0802723E-06,9.0823087E-06,9.0847952E-06,9.0865087E-06,9.0883932E-06,9.0895492E-06,9.0898093E-06,9.0905860E-06,9.0917474E-06,9.0922485E-06,9.0934627E-06,9.0943940E-06,9.0937947E-06,9.0938265E-06,9.0938438E-06,9.0918820E-06,9.0908434E-06,9.0909725E-06,9.0900366E-06,9.0889271E-06,9.0883768E-06,9.0893336E-06,9.0908070E-06,9.0892763E-06,9.0861286E-06,9.0849326E-06,9.0822150E-06,9.0787425E-06
9.0773992E-06,9.0756530E-06,9.0749527E-06,9.0744606E-06,9.0727663E-06,9.0707799E-06,9.0681833E-06,9.0655130E-06,9.0625108E-06,9.0618150E-06,9.0632238E-06,9.0623780E-06,9.0615777E-06,9.0604935E-06,9.0577059E-06,9.0561216E-06,9.0551039E-06,9.0539024E-06,9.0544217E-06,9.0531093E-06,9.0510794E-06,9.0504582E-06,9.0492967E-06,9.0484755E-06,9.0477133E-06,9.0470603E-06,9.0467520E-06,9.0446783E-06,9.0418398E-06,9.0420153E-06,9.0421336E-06,9.0408248E-06,9.0396161E-06,9.0389558E-06,9.0384856E-06,9.0365183E-06
9.0344547E-06,9.0317144E-06,9.0284284E-06,9.0263720E-06,9.0257754E-06,9.0253952E-06,9.0237108E-06,9.0220492E-06,9.0212025E-06,9.0218227E-06,9.0214226E-06,9.0198409E-06,9.0189833E-06,9.0166195E-06,9.0151616E-06,9.0148715E-06,9.0136691E-06,9.0133590E-06,9.0128497E-06,9.0118256E-06,9.0109397E-06,9.0084168E-06,9.0054127E-06,9.0033927E-06,9.0034964E-06,9.0040512E-06,9.0029416E-06,9.0018257E-06,9.0017693E-06,9.0010972E-06,8.9996547E-06,9.0002759E-06,9.0013200E-06,9.0016792E-06,9.0016838E-06,9.0016565E-06
9.0019976E-06,9.0017475E-06,9.0019885E-06,9.0030016E-06,9.0048579E-06,9.0063122E-06,9.0067633E-06,9.0084686E-06,9.0108670E-06,9.0140429E-06,9.0177473E-06,9.0200074E-06,9.0217100E-06,9.0221283E-06,9.0222074E-06,9.0234052E-06,9.0250332E-06,9.0269841E-06,9.0291751E-06,9.0321300E-06,9.0322464E-06,9.0328485E-06,9.0357144E-06,9.0358599E-06,9.0357935E-06,9.0373714E-06,9.0385820E-06,9.0396679E-06,9.0391659E-06,9.0383592E-06,9.0396043E-06,9.0411049E-06,9.0432268E-06,9.0441226E-06,9.0434314E-06,9.0435733E-06
9.0422181E-06,9.0403910E-06,9.0396725E-06,9.0402864E-06,9.0411886E-06,9.0397407E-06,9.0371896E-06,9.0366502E-06,9.0390713E-06,9.0400090E-06,9.0401509E-06,9.0410867E-06,9.0412223E-06,9.0413487E-06,9.0410103E-06,9.0410531E-06,9.0425055E-06,9.0430822E-06,9.0419253E-06,9.0418371E-06,9.0423373E-06,9.0444546E-06,9.0455005E-06,9.0433850E-06,9.0423591E-06,9.0425156E-06,9.0430904E-06,9.0432113E-06,9.0419116E-06,9.0415724E-06,9.0436433E-06,9.0433468E-06,9.0416242E-06,9.0406847E-06,9.0398189E-06,9.0400863E-06
9.0388803E-06,9.0373032E-06,9.0371768E-06,9.0369704E-06,9.0366220E-06,9.0362573E-06,9.0350422E-06,9.0336889E-06,9.0364110E-06,9.0394060E-06,9.0389876E-06,9.0396807E-06,9.0401299E-06,9.0387512E-06,9.0382473E-06,9.0377271E-06,9.0379954E-06,9.0387184E-06,9.0377853E-06,9.0368003E-06,9.0360372E-06,9.0353460E-06,9.0353014E-06,9.0343710E-06,9.0336452E-06,9.0330650E-06,9.0324502E-06,9.0318863E-06,9.0319954E-06,9.0313233E-06,9.0284902E-06,9.0277463E-06,9.0267540E-06,9.0240182E-06,9.0215508E-06,9.0195799E-06
9.0171279E-06,9.0149215E-06,9.0139283E-06,9.0120275E-06,9.0097128E-06,9.0066287E-06,9.0039221E-06,9.0034855E-06,9.0032108E-06,9.0021676E-06,9.0004505E-06,8.9990744E-06,8.9975110E-06,8.9942050E-06,8.9911482E-06,8.9888681E-06,8.9861687E-06,8.9838304E-06,8.9818923E-06,8.9786845E-06,8.9737878E-06,8.9696541E-06,8.9659934E-06,8.9641408E-06,8.9628656E-06,8.9601608E-06,8.9569748E-06,8.9546174E-06,8.9520381E-06,8.9478672E-06,8.9450095E-06,8.9418527E-06,8.9382720E-06,8.9354808E-06,8.9326841E-06,8.9293126E-06
8.9249061E-06,8.9213754E-06,8.9187997E-06,8.9150335E-06,8.9105042E-06,8.9074419E-06,8.9063906E-06,8.9054483E-06,8.9063960E-06,8.9070154E-06,8.9050300E-06,8.9037276E-06,8.9031810E-06,8.9019695E-06,8.9017149E-06,8.9028599E-06,8.9036430E-06,8.9051673E-06,8.9041423E-06,8.9039759E-06,8.9053992E-06,8.9049899E-06,8.9052601E-06,8.9070509E-06,8.9080149E-06,8.9065770E-06,8.9071491E-06,8.9075520E-06,8.9069663E-06,8.9073710E-06,8.9079622E-06,8.9086625E-06,8.9099558E-06,8.9102441E-06,8.9085533E-06,8.9065979E-06
8.9048644E-06,8.9055466E-06,8.9069044E-06,8.9072837E-06,8.9084206E-06,8.9088580E-06,8.9078112E-06,8.9081250E-06,8.9105606E-06,8.9126543E-06,8.9132272E-06,8.9140985E-06,8.9151763E-06,8.9149689E-06,8.9160148E-06,8.9184714E-06,8.9195964E-06,8.9198584E-06,8.9203040E-06,8.9194600E-06,8.9184359E-06,8.9206260E-06,8.9210980E-06,8.9203131E-06,8.9199484E-06,8.9194318E-06,8.9206160E-06,8.9207415E-06,8.9203213E-06,8.9197074E-06,8.9177793E-06,8.9158339E-06,8.9143677E-06,8.9120940E-06,8.9095465E-06,8.9060541E-06
8.9025561E-06,8.9001123E-06,8.8973511E-06,8.8943607E-06,8.8920306E-06,8.8897941E-06,8.8866500E-06,8.8845500E-06,8.8841289E-06,8.8828519E-06,8.8804445E-06,8.8789757E-06,8.8776560E-06,8.8755160E-06,8.8732140E-06,8.8708430E-06,8.8675697E-06,8.8647203E-06,8.8630668E-06,8.8611641E-06,8.8602665E-06,8.8588440E-06,8.8567731E-06,8.8557781E-06,8.8527286E-06,8.8505903E-06,8.8505667E-06,8.8495590E-06,8.8485031E-06,8.8468560E-06,8.8450461E-06,8.8459401E-06,8.8469778E-06,8.8452734E-06,8.8433444E-06,8.8407251E-06
8.8388242E-06,8.8386314E-06,8.8369634E-06,8.8357647E-06,8.8349316E-06,8.8343213E-06,8.8349525E-06,8.8354145E-06,8.8364304E-06,8.8371644E-06,8.8370489E-06,8.8363859E-06,8.8349816E-06,8.8339648E-06,8.8337729E-06,8.8336210E-06,8.8328779E-06,8.8334382E-06,8.8338011E-06,8.8330207E-06,8.8328043E-06,8.8320194E-06,8.8305460E-06,8.8298975E-06,8.8303477E-06,8.8316228E-06,8.8326651E-06,8.8319757E-06,8.8314046E-06,8.8313782E-06,8.8311817E-06,8.8307615E-06,8.8310535E-06,8.8313463E-06,8.8313773E-06,8.8294028E-06
8.8270281E-06,8.8268180E-06,8.8252082E-06,8.8232773E-06,8.8218148E-06,8.8200259E-06,8.8206289E-06,8.8224633E-06,8.8244687E-06,8.8260658E-06,8.8246643E-06,8.8232091E-06,8.8229253E-06,8.8233501E-06,8.8235765E-06,8.8238394E-06,8.8254146E-06,8.8255101E-06,8.8260895E-06,8.8263669E-06,8.8249244E-06,8.8243696E-06,8.8248962E-06,8.8240495E-06,8.8227543E-06,8.8222023E-06,8.8217475E-06,8.8223996E-06,8.8230226E-06,8.8240222E-06,8.8253528E-06,8.8269735E-06,8.8270572E-06,8.8253864E-06,8.8232718E-06,8.8215629E-06
8.8204460E-06,8.8194383E-06,8.8195266E-06,8.8198340E-06,8.8206671E-06,8.8206061E-06,8.8202669E-06,8.8193883E-06,8.8195884E-06,8.8213264E-06,8.8202496E-06,8.8193237E-06,8.8203078E-06,8.8205215E-06,8.8201159E-06,8.8194520E-06,8.8191555E-06,8.8188635E-06,8.8184897E-06,8.8183042E-06,8.8185370E-06,8.8193938E-06,8.8197657E-06,8.8203196E-06,8.8210481E-06,8.8204188E-06,8.8202432E-06,8.8210072E-06,8.8203487E-06,8.8202660E-06,8.8201259E-06,8.8199386E-06,8.8203860E-06,8.8206034E-06,8.8199322E-06,8.8173529E-06
8.8160650E-06,8.8162060E-06,8.8156312E-06,8.8159331E-06,8.8164243E-06,8.8162733E-06,8.8168299E-06,8.8186634E-06,8.8190400E-06,8.8183169E-06,8.8183915E-06,8.8172292E-06,8.8179486E-06,8.8197421E-06,8.8195993E-06,8.8191346E-06,8.8196684E-06,8.8199486E-06,8.8196530E-06,8.8201068E-06,8.8191782E-06,8.8211573E-06,8.8231609E-06,8.8214874E-06,8.8209454E-06,8.8213719E-06,8.8218812E-06,8.8230436E-06,8.8227543E-06,8.8215756E-06,8.8211591E-06,8.8214465E-06,8.8217002E-06,8.8208872E-06,8.8201605E-06,8.8201950E-06
8.8204570E-06,8.8190864E-06,8.8180132E-06,8.8177621E-06,8.8175311E-06,8.8179577E-06,8.8173683E-06,8.8175275E-06,8.8192610E-06,8.8197457E-06,8.8198685E-06,8.8197003E-06,8.8188062E-06,8.8188826E-06,8.8191518E-06,8.8186071E-06,8.8197057E-06,8.8205288E-06,8.8198794E-06,8.8188462E-06,8.8193765E-06,8.8209217E-06,8.8223560E-06,8.8222041E-06,8.8209454E-06,8.8211409E-06,8.8219558E-06,8.8229472E-06,8.8232928E-06,8.8243541E-06,8.8247425E-06,8.8252127E-06,8.8250817E-06,8.8235347E-06,8.8229408E-06,8.8217039E-06
8.8211891E-06,8.8221404E-06,8.8203287E-06,8.8181650E-06,8.8175084E-06,8.8169972E-06,8.8176066E-06,8.8177394E-06,8.8183096E-06,8.8192255E-06,8.8197776E-06,8.8217948E-06,8.8222168E-06,8.8217557E-06,8.8213965E-06,8.8210609E-06,8.8208126E-06,8.8192201E-06,8.8201768E-06,8.8205234E-06,8.8201086E-06,8.8196766E-06,8.8198567E-06,8.8209817E-06,8.8202751E-06,8.8212746E-06,8.8216284E-06,8.8204542E-06,8.8203460E-06,8.8203751E-06,8.8206807E-06,8.8209917E-06,8.8208162E-06,8.8203860E-06,8.8189536E-06,8.8171473E-06
8.8169208E-06,8.8180341E-06,8.8175029E-06,8.8150409E-06,8.8129009E-06,8.8128309E-06,8.8149791E-06,8.8180423E-06,8.8206525E-06,8.8198649E-06,8.8183060E-06,8.8194793E-06,8.8203697E-06,8.8199567E-06,8.8197812E-06,8.8203842E-06,8.8200832E-06,8.8191928E-06,8.8194492E-06,8.8195529E-06,8.8193319E-06,8.8202178E-06,8.8206098E-06,8.8200486E-06,8.8212873E-06,8.8225188E-06,8.8227289E-06,8.8225952E-06,8.8219403E-06,8.8212510E-06,8.8234883E-06,8.8263732E-06,8.8266470E-06,8.8247989E-06,8.8226916E-06,8.8221614E-06
8.8219294E-06,8.8222823E-06,8.8208026E-06,8.8194711E-06,8.8200786E-06,8.8207871E-06,8.8224688E-06,8.8230900E-06,8.8239503E-06,8.8258303E-06,8.8255738E-06,8.8254610E-06,8.8260986E-06,8.8261104E-06,8.8267006E-06,8.8262623E-06,8.8252418E-06,8.8252354E-06,8.8244251E-06,8.8246788E-06,8.8256793E-06,8.8256302E-06,8.8252573E-06,8.8253137E-06,8.8263505E-06,8.8264815E-06,8.8264142E-06,8.8265024E-06,8.8248225E-06,8.8233100E-06,8.8243114E-06,8.8261986E-06,8.8271709E-06,8.8258503E-06,8.8231427E-06,8.8219203E-06
8.8215102E-06,8.8212037E-06,8.8205325E-06,8.8200559E-06,8.8195229E-06,8.8193319E-06,8.8194174E-06,8.8207817E-06,8.8228080E-06,8.8237866E-06,8.8240768E-06,8.8240567E-06,8.8236948E-06,8.8226643E-06,8.8230245E-06,8.8238376E-06,8.8234365E-06,8.8234128E-06,8.8237193E-06,8.8239813E-06,8.8246152E-06,8.8255028E-06,8.8262650E-06,8.8266388E-06,8.8264869E-06,8.8273682E-06,8.8288461E-06,8.8290953E-06,8.8286260E-06,8.8275883E-06,8.8272991E-06,8.8275965E-06,8.8277948E-06,8.8274301E-06,8.8251663E-06,8.8237275E-06
8.8251081E-06,8.8247489E-06,8.8223587E-06,8.8206316E-06,8.8200750E-06,8.8206971E-06,8.8220768E-06,8.8239585E-06,8.8259467E-06,8.8259730E-06,8.8263523E-06,8.8272209E-06,8.8261859E-06,8.8253328E-06,8.8252873E-06,8.8255174E-06,8.8258712E-06,8.8254001E-06,8.8259730E-06,8.8272854E-06,8.8263605E-06,8.8264778E-06,8.8277220E-06,8.8274992E-06,8.8261095E-06,8.8260458E-06,8.8255610E-06,8.8243942E-06,8.8238685E-06,8.8240067E-06,8.8246352E-06,8.8251327E-06,8.8265260E-06,8.8255520E-06,8.8250954E-06,8.8263860E-06
8.8275092E-06,8.8263414E-06,8.8226370E-06,8.8213292E-06,8.8225961E-06,8.8238421E-06,8.8242905E-06,8.8261349E-06,8.8265979E-06,8.8264842E-06,8.8284823E-06,8.8288389E-06,8.8274774E-06,8.8285187E-06,8.8296101E-06,8.8284232E-06,8.8279085E-06,8.8279048E-06,8.8293309E-06,8.8301158E-06,8.8293937E-06,8.8290453E-06,8.8293773E-06,8.8306315E-06,8.8308761E-06,8.8292199E-06,8.8283050E-06,8.8305051E-06,8.8321713E-06,8.8325833E-06,8.8322477E-06,8.8320903E-06,8.8321613E-06,8.8307388E-06,8.8296911E-06,8.8291235E-06
8.8293018E-06,8.8279439E-06,8.8260194E-06,8.8260522E-06,8.8257138E-06,8.8260986E-06,8.8265297E-06,8.8267243E-06,8.8270144E-06,8.8274301E-06,8.8271672E-06,8.8273164E-06,8.8289398E-06,8.8307079E-06,8.8315683E-06,8.8303705E-06,8.8303559E-06,8.8307561E-06,8.8305160E-06,8.8310426E-06,8.8321376E-06,8.8330571E-06,8.8334527E-06,8.8332490E-06,8.8324523E-06,8.8336055E-06,8.8349179E-06,8.8345441E-06,8.8343258E-06,8.8346651E-06,8.8348634E-06,8.8347333E-06,8.8341358E-06,8.8332199E-06,8.8317565E-06,8.8288934E-06
8.8279576E-06,8.8271336E-06,8.8243869E-06,8.8222205E-06,8.8233446E-06,8.8263387E-06,8.8279239E-06,8.8290853E-06,8.8290189E-06,8.8290735E-06,8.8311644E-06,8.8329953E-06,8.8337174E-06,8.8347942E-06,8.8353290E-06,8.8351280E-06,8.8358502E-06,8.8365041E-06,8.8358229E-06,8.8355919E-06,8.8361967E-06,8.8358984E-06,8.8368606E-06,8.8383294E-06,8.8379702E-06,8.8379011E-06,8.8379702E-06,8.8378147E-06,8.8366833E-06,8.8351862E-06,8.8355646E-06,8.8356546E-06,8.8351517E-06,8.8355237E-06,8.8345459E-06,8.8337565E-06
8.8348715E-06,8.8344959E-06,8.8312017E-06,8.8289444E-06,8.8294892E-06,8.8301595E-06,8.8310398E-06,8.8319139E-06,8.8332617E-06,8.8343531E-06,8.8340912E-06,8.8336665E-06,8.8328861E-06,8.8333109E-06,8.8331244E-06,8.8324068E-06,8.8327097E-06,8.8332372E-06,8.8338256E-06,8.8341858E-06,8.8350580E-06,8.8359065E-06,8.8363640E-06,8.8378329E-06,8.8380839E-06,8.8370980E-06,8.8376573E-06,8.8385232E-06,8.8388724E-06,8.8370189E-06,8.8353390E-06,8.8359857E-06,8.8355555E-06,8.8343977E-06,8.8345023E-06,8.8346551E-06
8.8357419E-06,8.8351808E-06,8.8336965E-06,8.8335564E-06,8.8321722E-06,8.8310062E-06,8.8321321E-06,8.8343595E-06,8.8357628E-06,8.8368442E-06,8.8375464E-06,8.8373081E-06,8.8378611E-06,8.8386896E-06,8.8395591E-06,8.8400566E-06,8.8392999E-06,8.8386832E-06,8.8388915E-06,8.8393308E-06,8.8389370E-06,8.8393790E-06,8.8396036E-06,8.8401202E-06,8.8410425E-06,8.8397137E-06,8.8383913E-06,8.8390543E-06,8.8390543E-06,8.8375691E-06,8.8369143E-06,8.8380839E-06,8.8394709E-06,8.8377546E-06,8.8361048E-06,8.8370034E-06
8.8379820E-06,8.8369643E-06,8.8357956E-06,8.8354382E-06,8.8331681E-06,8.8321613E-06,8.8338975E-06,8.8356965E-06,8.8357719E-06,8.8356583E-06,8.8357783E-06,8.8352872E-06,8.8367133E-06,8.8366023E-06,8.8363658E-06,8.8370480E-06,8.8365550E-06,8.8366569E-06,8.8358338E-06,8.8357729E-06,8.8372963E-06,8.8380020E-06,8.8380293E-06,8.8393508E-06,8.8397728E-06,8.8388479E-06,8.8405995E-06,8.8411243E-06,8.8392671E-06,8.8402421E-06,8.8426250E-06,8.8422348E-06,8.8398738E-06,8.8396291E-06,8.8400175E-06,8.8397546E-06
8.8410770E-06,8.8404831E-06,8.8376346E-06,8.8364541E-06,8.8365277E-06,8.8379393E-06,8.8394454E-06,8.8400939E-06,8.8417437E-06,8.8415918E-06,8.8397692E-06,8.8395136E-06,8.8402894E-06,8.8412125E-06,8.8401912E-06,8.8391444E-06,8.8412198E-06,8.8428169E-06,8.8425222E-06,8.8423776E-06,8.8425377E-06,8.8437900E-06,8.8446432E-06,8.8446222E-06,8.8449797E-06,8.8450233E-06,8.8455408E-06,8.8463257E-06,8.8471688E-06,8.8487413E-06,8.8489860E-06,8.8484057E-06,8.8466313E-06,8.8429851E-06,8.8426896E-06,8.8442784E-06
8.8452534E-06,8.8457155E-06,8.8445004E-06,8.8434535E-06,8.8436755E-06,8.8445713E-06,8.8449842E-06,8.8454290E-06,8.8458692E-06,8.8456600E-06,8.8457837E-06,8.8461420E-06,8.8457236E-06,8.8445067E-06,8.8461602E-06,8.8490078E-06,8.8505412E-06,8.8520292E-06,8.8500574E-06,8.8488832E-06,8.8512070E-06,8.8504285E-06,8.8490879E-06,8.8518536E-06,8.8533116E-06,8.8527340E-06,8.8530514E-06,8.8544548E-06,8.8538518E-06,8.8521356E-06,8.8511697E-06,8.8501129E-06,8.8495399E-06,8.8492134E-06,8.8481502E-06,8.8483321E-06
8.8499692E-06,8.8481438E-06,8.8453517E-06,8.8447878E-06,8.8459374E-06,8.8462530E-06,8.8464576E-06,8.8468414E-06,8.8478100E-06,8.8494899E-06,8.8505585E-06,8.8504630E-06,8.8510906E-06,8.8536517E-06,8.8536017E-06,8.8529941E-06,8.8535198E-06,8.8541919E-06,8.8551860E-06,8.8552424E-06,8.8549832E-06,8.8562720E-06,8.8568249E-06,8.8551051E-06,8.8549368E-06,8.8567995E-06,8.8572624E-06,8.8577090E-06,8.8574579E-06,8.8571614E-06,8.8585066E-06,8.8577162E-06,8.8568231E-06,8.8555853E-06,8.8544684E-06,8.8539537E-06
8.8556844E-06,8.8566649E-06,8.8543566E-06,8.8522038E-06,8.8507559E-06,8.8503484E-06,8.8511806E-06,8.8521801E-06,8.8518109E-06,8.8523102E-06,8.8528077E-06,8.8524484E-06,8.8521583E-06,8.8535717E-06,8.8547613E-06,8.8533661E-06,8.8517390E-06,8.8525821E-06,8.8550123E-06,8.8544057E-06,8.8538154E-06,8.8548277E-06,8.8561210E-06,8.8574907E-06,8.8579682E-06,8.8573024E-06,8.8557781E-06,8.8570414E-06,8.8598954E-06,8.8613033E-06,8.8608313E-06,8.8601228E-06,8.8599354E-06,8.8593770E-06,8.8586303E-06,8.8582246E-06
8.8587158E-06,8.8574925E-06,8.8555380E-06,8.8559746E-06,8.8560209E-06,8.8567313E-06,8.8564448E-06,8.8559436E-06,8.8574816E-06,8.8580382E-06,8.8588276E-06,8.8591805E-06,8.8598545E-06,8.8605338E-06,8.8602046E-06,8.8599027E-06,8.8607285E-06,8.8611196E-06,8.8603374E-06,8.8601382E-06,8.8608776E-06,8.8612742E-06,8.8599963E-06,8.8598699E-06,8.8599609E-06,8.8590768E-06,8.8592305E-06,8.8599427E-06,8.8601355E-06,8.8584784E-06,8.8573215E-06,8.8571469E-06,8.8562592E-06,8.8540974E-06,8.8531842E-06,8.8560982E-06
8.8575234E-06,8.8554580E-06,8.8542538E-06,8.8544994E-06,8.8529987E-06,8.8512652E-06,8.8509196E-06,8.8520583E-06,8.8548068E-06,8.8561846E-06,8.8558663E-06,8.8554971E-06,8.8543165E-06,8.8550960E-06,8.8553397E-06,8.8546176E-06,8.8558318E-06,8.8567986E-06,8.8561292E-06,8.8556308E-06,8.8568913E-06,8.8575480E-06,8.8570860E-06,8.8581619E-06,8.8597335E-06,8.8601655E-06,8.8614952E-06,8.8631641E-06,8.8642946E-06,8.8646002E-06,8.8640991E-06,8.8635079E-06,8.8630968E-06,8.8611814E-06,8.8598590E-06,8.8602783E-06
8.8615070E-06,8.8607840E-06,8.8598945E-06,8.8601801E-06,8.8608758E-06,8.8623246E-06,8.8640027E-06,8.8657543E-06,8.8654569E-06,8.8644174E-06,8.8644847E-06,8.8656234E-06,8.8669767E-06,8.8674933E-06,8.8680745E-06,8.8702554E-06,8.8715296E-06,8.8706829E-06,8.8701654E-06,8.8707093E-06,8.8709139E-06,8.8718889E-06,8.8726692E-06,8.8717888E-06,8.8695424E-06,8.8690422E-06,8.8696152E-06,8.8702673E-06,8.8713314E-06,8.8708430E-06,8.8694978E-06,8.8685301E-06,8.8690094E-06,8.8694333E-06,8.8711404E-06,8.8714096E-06
8.8710685E-06,8.8710294E-06,8.8687257E-06,8.8677261E-06,8.8681991E-06,8.8683046E-06,8.8675151E-06,8.8685501E-06,8.8690895E-06,8.8692132E-06,8.8705401E-06,8.8712904E-06,8.8712632E-06,8.8708848E-06,8.8719844E-06,8.8735096E-06,8.8735096E-06,8.8736087E-06,8.8734514E-06,8.8742008E-06,8.8755733E-06,8.8764564E-06,8.8778024E-06,8.8777351E-06,8.8780434E-06,8.8773759E-06,8.8751003E-06,8.8751876E-06,8.8751876E-06,8.8755987E-06,8.8777033E-06,8.8778515E-06,8.8787037E-06,8.8803717E-06,8.8813740E-06,8.8821025E-06
8.8814168E-06,8.8781189E-06,8.8755833E-06,8.8772758E-06,8.8790748E-06,8.8789484E-06,8.8779880E-06,8.8786046E-06,8.8801571E-06,8.8798270E-06,8.8784718E-06,8.8782090E-06,8.8784554E-06,8.8793358E-06,8.8809093E-06,8.8801489E-06,8.8782026E-06,8.8780689E-06,8.8798188E-06,8.8803517E-06,8.8810902E-06,8.8828538E-06,8.8809593E-06,8.8788629E-06,8.8783427E-06,8.8781135E-06,8.8779543E-06,8.8769484E-06,8.8771967E-06,8.8771676E-06,8.8767665E-06,8.8767410E-06,8.8775332E-06,8.8770530E-06,8.8761462E-06,8.8756760E-06
8.8748175E-06,8.8736006E-06,8.8718480E-06,8.8704000E-06,8.8712832E-06,8.8735760E-06,8.8735605E-06,8.8737825E-06,8.8749603E-06,8.8745573E-06,8.8749903E-06,8.8765410E-06,8.8773140E-06,8.8782208E-06,8.8783963E-06,8.8787929E-06,8.8791558E-06,8.8792849E-06,8.8788583E-06,8.8787538E-06,8.8803226E-06,8.8797251E-06,8.8771967E-06,8.8770885E-06,8.8784591E-06,8.8783727E-06,8.8776069E-06,8.8777187E-06,8.8786128E-06,8.8786337E-06,8.8778524E-06,8.8784800E-06,8.8802990E-06,8.8829265E-06,8.8850184E-06,8.8847082E-06
