9.2740347E-06,9.2743603E-06,9.2753098E-06,9.2755417E-06,9.2764149E-06,9.2777354E-06,9.2780574E-06,9.2786513E-06,9.2785758E-06,9.2770988E-06,9.2765795E-06,9.2768078E-06,9.2764267E-06,9.2763184E-06,9.2765331E-06,9.2754699E-06,9.2750661E-06,9.2756518E-06,9.2748933E-06,9.2751188E-06,9.2759556E-06,9.2756263E-06,9.2750897E-06,9.2734081E-06,9.2725422E-06,9.2750879E-06,9.2767495E-06,9.2758055E-06,9.2759092E-06,9.2754617E-06,9.2758264E-06,9.2769160E-06,9.2766677E-06,9.2766550E-06,9.2778273E-06,9.2796972E-06
9.2793334E-06,9.2758182E-06,9.2734626E-06,9.2740420E-06,9.2747614E-06,9.2758773E-06,9.2747341E-06,9.2743767E-06,9.2758592E-06,9.2772370E-06,9.2774317E-06,9.2766550E-06,9.2778719E-06,9.2785876E-06,9.2794116E-06,9.2790242E-06,9.2769214E-06,9.2758337E-06,9.2771761E-06,9.2781274E-06,9.2770451E-06,9.2767214E-06,9.2763348E-06,9.2761866E-06,9.2776590E-06,9.2781738E-06,9.2785876E-06,9.2787532E-06,9.2781911E-06,9.2782711E-06,9.2780483E-06,9.2785112E-06,9.2786322E-06,9.2792570E-06,9.2808368E-06,9.2815326E-06
9.2804403E-06,9.2801165E-06,9.2779546E-06,9.2750724E-06,9.2745922E-06,9.2750788E-06,9.2755645E-06,9.2754217E-06,9.2756691E-06,9.2769651E-06,9.2785167E-06,9.2782257E-06,9.2793571E-06,9.2797836E-06,9.2789596E-06,9.2790196E-06,9.2787495E-06,9.2785458E-06,9.2777545E-06,9.2769478E-06,9.2766850E-06,9.2766259E-06,9.2772188E-06,9.2784221E-06,9.2783757E-06,9.2782739E-06,9.2785513E-06,9.2783493E-06,9.2790660E-06,9.2800183E-06,9.2800292E-06,9.2784221E-06,9.2771925E-06,9.2780519E-06,9.2797209E-06,9.2810951E-06
9.2819100E-06,9.2817872E-06,9.2781502E-06,9.2757782E-06,9.2767505E-06,9.2768123E-06,9.2770188E-06,9.2768714E-06,9.2768023E-06,9.2769214E-06,9.2771897E-06,9.2778855E-06,9.2778227E-06,9.2779865E-06,9.2783139E-06,9.2775417E-06,9.2768359E-06,9.2762511E-06,9.2744603E-06,9.2748633E-06,9.2770151E-06,9.2780774E-06,9.2789269E-06,9.2789678E-06,9.2784767E-06,9.2777946E-06,9.2773907E-06,9.2777327E-06,9.2785585E-06,9.2778700E-06,9.2769105E-06,9.2773862E-06,9.2758210E-06,9.2754763E-06,9.2774180E-06,9.2786804E-06
9.2806495E-06,9.2811651E-06,9.2782648E-06,9.2749869E-06,9.2739037E-06,9.2740447E-06,9.2750897E-06,9.2747505E-06,9.2749087E-06,9.2756672E-06,9.2751270E-06,9.2758973E-06,9.2759319E-06,9.2753526E-06,9.2746377E-06,9.2749733E-06,9.2750160E-06,9.2752625E-06,9.2758619E-06,9.2733926E-06,9.2728133E-06,9.2748551E-06,9.2758792E-06,9.2754471E-06,9.2759028E-06,9.2767714E-06,9.2757682E-06,9.2756572E-06,9.2762702E-06,9.2764485E-06,9.2766759E-06,9.2750315E-06,9.2734535E-06,9.2728369E-06,9.2721275E-06,9.2733189E-06
9.2750588E-06,9.2739765E-06,9.2710752E-06,9.2694272E-06,9.2691225E-06,9.2696955E-06,9.2700557E-06,9.2697019E-06,9.2698638E-06,9.2706205E-06,9.2701839E-06,9.2700930E-06,9.2701703E-06,9.2687514E-06,9.2689615E-06,9.2681985E-06,9.2663140E-06,9.2650525E-06,9.2642940E-06,9.2648870E-06,9.2654736E-06,9.2659384E-06,9.2670380E-06,9.2672280E-06,9.2659102E-06,9.2657865E-06,9.2647633E-06,9.2643077E-06,9.2647870E-06,9.2643759E-06,9.2634473E-06,9.2630444E-06,9.2624505E-06,9.2596920E-06,9.2593409E-06,9.2602695E-06
9.2604896E-06,9.2587225E-06,9.2551509E-06,9.2532882E-06,9.2519695E-06,9.2506325E-06,9.2504761E-06,9.2497994E-06,9.2496102E-06,9.2506243E-06,9.2508117E-06,9.2507098E-06,9.2489272E-06,9.2479759E-06,9.2472464E-06,9.2452174E-06,9.2439905E-06,9.2435966E-06,9.2434375E-06,9.2422397E-06,9.2422106E-06,9.2430428E-06,9.2426217E-06,9.2417795E-06,9.2411328E-06,9.2397804E-06,9.2387636E-06,9.2390001E-06,9.2384080E-06,9.2354030E-06,9.2339060E-06,9.2345526E-06,9.2335731E-06,9.2327891E-06,9.2320606E-06,9.2311084E-06
9.2312221E-06,9.2285645E-06,9.2251157E-06,9.2241762E-06,9.2233440E-06,9.2228884E-06,9.2227856E-06,9.2225582E-06,9.2227410E-06,9.2223381E-06,9.2207892E-06,9.2195314E-06,9.2185437E-06,9.2173759E-06,9.2152377E-06,9.2131049E-06,9.2136306E-06,9.2132395E-06,9.2132332E-06,9.2140272E-06,9.2131186E-06,9.2126047E-06,9.2119944E-06,9.2110049E-06,9.2098298E-06,9.2081082E-06,9.2072933E-06,9.2075143E-06,9.2066948E-06,9.2055952E-06,9.2035561E-06,9.2014279E-06,9.2001410E-06,9.1983984E-06,9.1980555E-06,9.1984748E-06
9.1981437E-06,9.1958600E-06,9.1922093E-06,9.1904121E-06,9.1902411E-06,9.1898592E-06,9.1884103E-06,9.1874181E-06,9.1867114E-06,9.1860138E-06,9.1860120E-06,9.1848979E-06,9.1837091E-06,9.1836355E-06,9.1828524E-06,9.1816828E-06,9.1807888E-06,9.1790862E-06,9.1776937E-06,9.1771426E-06,9.1763259E-06,9.1746751E-06,9.1731890E-06,9.1747424E-06,9.1748470E-06,9.1720894E-06,9.1714428E-06,9.1715183E-06,9.1707780E-06,9.1699230E-06,9.1689053E-06,9.1668699E-06,9.1646743E-06,9.1626834E-06,9.1614374E-06,9.1616312E-06
9.1610727E-06,9.1593592E-06,9.1572947E-06,9.1560450E-06,9.1549582E-06,9.1542515E-06,9.1538677E-06,9.1541988E-06,9.1549800E-06,9.1533820E-06,9.1516267E-06,9.1517149E-06,9.1511365E-06,9.1512675E-06,9.1514003E-06,9.1503562E-06,9.1502898E-06,9.1495067E-06,9.1493621E-06,9.1502170E-06,9.1493621E-06,9.1487836E-06,9.1486963E-06,9.1476822E-06,9.1470192E-06,9.1472784E-06,9.1475194E-06,9.1474421E-06,9.1473312E-06,9.1470511E-06,9.1477104E-06,9.1481470E-06,9.1473039E-06,9.1465581E-06,9.1459760E-06,9.1453121E-06
9.1448437E-06,9.1447682E-06,9.1435704E-06,9.1422844E-06,9.1423271E-06,9.1424235E-06,9.1432548E-06,9.1444790E-06,9.1458924E-06,9.1479214E-06,9.1480970E-06,9.1476349E-06,9.1482789E-06,9.1491111E-06,9.1512902E-06,9.1532811E-06,9.1545962E-06,9.1555321E-06,9.1580514E-06,9.1601432E-06,9.1605980E-06,9.1630181E-06,9.1647162E-06,9.1651718E-06,9.1666761E-06,9.1689671E-06,9.1701877E-06,9.1703378E-06,9.1718139E-06,9.1742950E-06,9.1759402E-06,9.1770707E-06,9.1781076E-06,9.1781949E-06,9.1778129E-06,9.1780366E-06
9.1798429E-06,9.1825705E-06,9.1830207E-06,9.1824695E-06,9.1846023E-06,9.1872835E-06,9.1880092E-06,9.1897982E-06,9.1917773E-06,9.1923384E-06,9.1938764E-06,9.1956981E-06,9.1961065E-06,9.1967868E-06,9.1989859E-06,9.2027867E-06,9.2049504E-06,9.2052605E-06,9.2070895E-06,9.2088785E-06,9.2092005E-06,9.2092450E-06,9.2105402E-06,9.2129012E-06,9.2151922E-06,9.2153887E-06,9.2150321E-06,9.2165619E-06,9.2175924E-06,9.2179307E-06,9.2193459E-06,9.2193441E-06,9.2182163E-06,9.2186565E-06,9.2189257E-06,9.2170594E-06
9.2155769E-06,9.2158834E-06,9.2154778E-06,9.2168466E-06,9.2184091E-06,9.2183009E-06,9.2188320E-06,9.2197279E-06,9.2221644E-06,9.2229629E-06,9.2212449E-06,9.2201326E-06,9.2206610E-06,9.2213313E-06,9.2225546E-06,9.2232749E-06,9.2219525E-06,9.2214341E-06,9.2225491E-06,9.2228556E-06,9.2228984E-06,9.2234768E-06,9.2233522E-06,9.2217342E-06,9.2197915E-06,9.2185864E-06,9.2167411E-06,9.2161645E-06,9.2162354E-06,9.2165910E-06,9.2171422E-06,9.2158571E-06,9.2141681E-06,9.2120254E-06,9.2106811E-06,9.2094460E-06
9.2074279E-06,9.2055197E-06,9.2033188E-06,9.2015807E-06,9.2007376E-06,9.2001001E-06,9.1993152E-06,9.1968213E-06,9.1947677E-06,9.1946204E-06,9.1930169E-06,9.1911470E-06,9.1902912E-06,9.1898619E-06,9.1887086E-06,9.1877846E-06,9.1872880E-06,9.1863567E-06,9.1860584E-06,9.1850925E-06,9.1840757E-06,9.1831462E-06,9.1828560E-06,9.1823713E-06,9.1811826E-06,9.1807096E-06,9.1800166E-06,9.1789025E-06,9.1773882E-06,9.1763741E-06,9.1750016E-06,9.1740057E-06,9.1734719E-06,9.1727516E-06,9.1714846E-06,9.1680167E-06
9.1646825E-06,9.1636311E-06,9.1619177E-06,9.1607162E-06,9.1610018E-06,9.1591200E-06,9.1593547E-06,9.1600777E-06,9.1589563E-06,9.1579186E-06,9.1572947E-06,9.1587026E-06,9.1608863E-06,9.1618122E-06,9.1608736E-06,9.1621214E-06,9.1637139E-06,9.1638531E-06,9.1641623E-06,9.1647662E-06,9.1662305E-06,9.1671472E-06,9.1668871E-06,9.1677493E-06,9.1693391E-06,9.1697711E-06,9.1706688E-06,9.1722532E-06,9.1722577E-06,9.1723405E-06,9.1724760E-06,9.1729207E-06,9.1736965E-06,9.1731372E-06,9.1736820E-06,9.1718039E-06
9.1692054E-06,9.1701077E-06,9.1707352E-06,9.1715674E-06,9.1725342E-06,9.1716374E-06,9.1715319E-06,9.1726706E-06,9.1714774E-06,9.1695674E-06,9.1687571E-06,9.1683287E-06,9.1689144E-06,9.1705860E-06,9.1722068E-06,9.1718721E-06,9.1709526E-06,9.1706852E-06,9.1696402E-06,9.1683432E-06,9.1676675E-06,9.1663805E-06,9.1652837E-06,9.1644415E-06,9.1631300E-06,9.1630909E-06,9.1612110E-06,9.1591146E-06,9.1579759E-06,9.1555230E-06,9.1546635E-06,9.1540933E-06,9.1522716E-06,9.1511556E-06,9.1484635E-06,9.1445963E-06
9.1423899E-06,9.1392876E-06,9.1365655E-06,9.1350621E-06,9.1324573E-06,9.1298043E-06,9.1280144E-06,9.1265647E-06,9.1252896E-06,9.1233032E-06,9.1215534E-06,9.1199481E-06,9.1187439E-06,9.1181200E-06,9.1168140E-06,9.1154679E-06,9.1139318E-06,9.1125503E-06,9.1102756E-06,9.1083393E-06,9.1072334E-06,9.1056909E-06,9.1049878E-06,9.1025286E-06,9.1001493E-06,9.1003067E-06,9.0989024E-06,9.0981275E-06,9.0984104E-06,9.0973599E-06,9.0957465E-06,9.0948706E-06,9.0948979E-06,9.0934654E-06,9.0918329E-06,9.0903613E-06
9.0872973E-06,9.0846361E-06,9.0837075E-06,9.0820458E-06,9.0812118E-06,9.0827461E-06,9.0825679E-06,9.0811109E-06,9.0800695E-06,9.0798258E-06,9.0800149E-06,9.0794783E-06,9.0786116E-06,9.0780568E-06,9.0792537E-06,9.0800495E-06,9.0781978E-06,9.0769827E-06,9.0765807E-06,9.0779640E-06,9.0800304E-06,9.0793319E-06,9.0788999E-06,9.0782933E-06,9.0785124E-06,9.0800322E-06,9.0802760E-06,9.0800013E-06,9.0803805E-06,9.0806152E-06,9.0797048E-06,9.0785779E-06,9.0780913E-06,9.0783988E-06,9.0783806E-06,9.0769254E-06
9.0754147E-06,9.0740732E-06,9.0725807E-06,9.0717158E-06,9.0715939E-06,9.0724852E-06,9.0720259E-06,9.0701369E-06,9.0698022E-06,9.0705116E-06,9.0715393E-06,9.0715112E-06,9.0706453E-06,9.0723352E-06,9.0731719E-06,9.0723306E-06,9.0731628E-06,9.0729418E-06,9.0723633E-06,9.0727335E-06,9.0720996E-06,9.0722515E-06,9.0724943E-06,9.0718386E-06,9.0713302E-06,9.0715139E-06,9.0725261E-06,9.0711046E-06,9.0690837E-06,9.0690955E-06,9.0696076E-06,9.0690419E-06,9.0681660E-06,9.0683634E-06,9.0686926E-06,9.0671438E-06
9.0633030E-06,9.0608537E-06,9.0600206E-06,9.0602634E-06,9.0607727E-06,9.0605890E-06,9.0606782E-06,9.0597750E-06,9.0582489E-06,9.0569929E-06,9.0567082E-06,9.0577369E-06,9.0582034E-06,9.0568965E-06,9.0565418E-06,9.0550529E-06,9.0533158E-06,9.0536496E-06,9.0538742E-06,9.0543081E-06,9.0531612E-06,9.0510875E-06,9.0511867E-06,9.0519379E-06,9.0516469E-06,9.0512012E-06,9.0509238E-06,9.0503518E-06,9.0503263E-06,9.0507356E-06,9.0504991E-06,9.0509247E-06,9.0503372E-06,9.0497233E-06,9.0498361E-06,9.0499952E-06
9.0495905E-06,9.0465755E-06,9.0449475E-06,9.0454214E-06,9.0447820E-06,9.0450212E-06,9.0463191E-06,9.0467583E-06,9.0470266E-06,9.0471103E-06,9.0482727E-06,9.0495578E-06,9.0510666E-06,9.0522690E-06,9.0520498E-06,9.0531639E-06,9.0546500E-06,9.0552294E-06,9.0550948E-06,9.0555059E-06,9.0556232E-06,9.0574367E-06,9.0601516E-06,9.0608319E-06,9.0608428E-06,9.0608037E-06,9.0604299E-06,9.0611684E-06,9.0634758E-06,9.0656586E-06,9.0677286E-06,9.0685880E-06,9.0685162E-06,9.0700259E-06,9.0713647E-06,9.0715230E-06
9.0715339E-06,9.0706180E-06,9.0698513E-06,9.0706744E-06,9.0713784E-06,9.0707590E-06,9.0717158E-06,9.0733210E-06,9.0750109E-06,9.0764934E-06,9.0787980E-06,9.0797775E-06,9.0802587E-06,9.0824024E-06,9.0832736E-06,9.0830299E-06,9.0840858E-06,9.0857602E-06,9.0861567E-06,9.0859748E-06,9.0874073E-06,9.0881076E-06,9.0869207E-06,9.0881649E-06,9.0894227E-06,9.0892017E-06,9.0886342E-06,9.0894673E-06,9.0917065E-06,9.0928015E-06,9.0930725E-06,9.0934109E-06,9.0935264E-06,9.0930571E-06,9.0921658E-06,9.0913509E-06
9.0903986E-06,9.0897502E-06,9.0871617E-06,9.0852118E-06,9.0860549E-06,9.0860358E-06,9.0855792E-06,9.0857748E-06,9.0866888E-06,9.0865924E-06,9.0867288E-06,9.0879839E-06,9.0885651E-06,9.0884523E-06,9.0875083E-06,9.0868234E-06,9.0861267E-06,9.0856274E-06,9.0854919E-06,9.0847043E-06,9.0837530E-06,9.0832482E-06,9.0831354E-06,9.0837757E-06,9.0841440E-06,9.0846006E-06,9.0855237E-06,9.0863405E-06,9.0873927E-06,9.0865224E-06,9.0863659E-06,9.0865096E-06,9.0858193E-06,9.0863095E-06,9.0874146E-06,9.0876356E-06
9.0868589E-06,9.0868525E-06,9.0858002E-06,9.0840813E-06,9.0841295E-06,9.0835756E-06,9.0828107E-06,9.0843059E-06,9.0851572E-06,9.0850617E-06,9.0858066E-06,9.0873063E-06,9.0891008E-06,9.0894991E-06,9.0904577E-06,9.0909980E-06,9.0894746E-06,9.0893172E-06,9.0899457E-06,9.0908406E-06,9.0928552E-06,9.0937037E-06,9.0934836E-06,9.0941230E-06,9.0936874E-06,9.0946387E-06,9.0965686E-06,9.0945596E-06,9.0937792E-06,9.0951007E-06,9.0952390E-06,9.0961375E-06,9.0972107E-06,9.0987005E-06,9.0997846E-06,9.0986796E-06
9.0964768E-06,9.0947788E-06,9.0934855E-06,9.0921803E-06,9.0910871E-06,9.0903159E-06,9.0900730E-06,9.0895119E-06,9.0895692E-06,9.0887124E-06,9.0872018E-06,9.0875110E-06,9.0868843E-06,9.0839949E-06,9.0830454E-06,9.0838885E-06,9.0844023E-06,9.0839694E-06,9.0815074E-06,9.0801141E-06,9.0781114E-06,9.0762514E-06,9.0752201E-06,9.0742233E-06,9.0746580E-06,9.0733747E-06,9.0713638E-06,9.0711019E-06,9.0703588E-06,9.0691183E-06,9.0678386E-06,9.0654548E-06,9.0638041E-06,9.0634985E-06,9.0624289E-06,9.0605936E-06
9.0581389E-06,9.0550029E-06,9.0525709E-06,9.0502372E-06,9.0479734E-06,9.0469030E-06,9.0454368E-06,9.0431195E-06,9.0416270E-06,9.0408894E-06,9.0414305E-06,9.0414778E-06,9.0408403E-06,9.0404037E-06,9.0393532E-06,9.0392596E-06,9.0388094E-06,9.0374306E-06,9.0385629E-06,9.0387712E-06,9.0362109E-06,9.0353842E-06,9.0350995E-06,9.0340327E-06,9.0339854E-06,9.0347003E-06,9.0348940E-06,9.0344729E-06,9.0328494E-06,9.0328504E-06,9.0340327E-06,9.0340409E-06,9.0337326E-06,9.0334715E-06,9.0341282E-06,9.0347685E-06
9.0340909E-06,9.0324174E-06,9.0314625E-06,9.0324947E-06,9.0335143E-06,9.0335361E-06,9.0324693E-06,9.0322756E-06,9.0342801E-06,9.0349677E-06,9.0356834E-06,9.0365456E-06,9.0364365E-06,9.0378562E-06,9.0390367E-06,9.0386784E-06,9.0385201E-06,9.0390422E-06,9.0409821E-06,9.0431813E-06,9.0449112E-06,9.0456961E-06,9.0452013E-06,9.0456297E-06,9.0467402E-06,9.0484900E-06,9.0507738E-06,9.0531284E-06,9.0551130E-06,9.0556605E-06,9.0567391E-06,9.0579961E-06,9.0586354E-06,9.0603862E-06,9.0615149E-06,9.0620451E-06
9.0628109E-06,9.0624117E-06,9.0623280E-06,9.0631292E-06,9.0639160E-06,9.0660096E-06,9.0680733E-06,9.0698941E-06,9.0705998E-06,9.0718113E-06,9.0742587E-06,9.0750345E-06,9.0758176E-06,9.0769736E-06,9.0788117E-06,9.0794674E-06,9.0795520E-06,9.0807725E-06,9.0835665E-06,9.0856756E-06,9.0852582E-06,9.0852027E-06,9.0858430E-06,9.0867179E-06,9.0872754E-06,9.0875692E-06,9.0894118E-06,9.0897111E-06,9.0884305E-06,9.0886260E-06,9.0902613E-06,9.0905096E-06,9.0901703E-06,9.0910335E-06,9.0906760E-06,9.0891135E-06
9.0881431E-06,9.0860285E-06,9.0840222E-06,9.0838303E-06,9.0835228E-06,9.0836083E-06,9.0820158E-06,9.0807516E-06,9.0804096E-06,9.0801959E-06,9.0787762E-06,9.0786325E-06,9.0790572E-06,9.0783978E-06,9.0796948E-06,9.0797694E-06,9.0772892E-06,9.0756166E-06,9.0756157E-06,9.0750573E-06,9.0746280E-06,9.0737549E-06,9.0724234E-06,9.0718377E-06,9.0697013E-06,9.0683707E-06,9.0678832E-06,9.0654330E-06,9.0640497E-06,9.0636113E-06,9.0622834E-06,9.0604899E-06,9.0600142E-06,9.0598887E-06,9.0581780E-06,9.0554731E-06
9.0530657E-06,9.0508502E-06,9.0496833E-06,9.0488893E-06,9.0480162E-06,9.0471112E-06,9.0446383E-06,9.0428530E-06,9.0429903E-06,9.0437588E-06,9.0447475E-06,9.0440508E-06,9.0430904E-06,9.0428803E-06,9.0414314E-06,9.0405965E-06,9.0406656E-06,9.0396634E-06,9.0393169E-06,9.0389085E-06,9.0366257E-06,9.0373178E-06,9.0388075E-06,9.0370640E-06,9.0356643E-06,9.0359308E-06,9.0354733E-06,9.0356907E-06,9.0358162E-06,9.0348094E-06,9.0347003E-06,9.0349276E-06,9.0353133E-06,9.0341327E-06,9.0317399E-06,9.0314725E-06
9.0310405E-06,9.0279527E-06,9.0269996E-06,9.0271642E-06,9.0256872E-06,9.0249896E-06,9.0246149E-06,9.0226367E-06,9.0231197E-06,9.0266749E-06,9.0299300E-06,9.0311278E-06,9.0297244E-06,9.0293097E-06,9.0295716E-06,9.0284529E-06,9.0277699E-06,9.0305666E-06,9.0338235E-06,9.0345993E-06,9.0347694E-06,9.0341628E-06,9.0342337E-06,9.0328158E-06,9.0304029E-06,9.0306139E-06,9.0323983E-06,9.0335397E-06,9.0340691E-06,9.0349522E-06,9.0344965E-06,9.0338590E-06,9.0338435E-06,9.0332351E-06,9.0326712E-06,9.0307149E-06
9.0288522E-06,9.0268686E-06,9.0258627E-06,9.0266703E-06,9.0250487E-06,9.0234516E-06,9.0235389E-06,9.0238227E-06,9.0238564E-06,9.0238600E-06,9.0241465E-06,9.0256308E-06,9.0262183E-06,9.0257345E-06,9.0247349E-06,9.0230196E-06,9.0226367E-06,9.0226431E-06,9.0216699E-06,9.0202866E-06,9.0191352E-06,9.0193362E-06,9.0191497E-06,9.0166477E-06,9.0148496E-06,9.0146987E-06,9.0144549E-06,9.0130306E-06,9.0107114E-06,9.0094591E-06,9.0085223E-06,9.0064213E-06,9.0057056E-06,9.0057147E-06,9.0038775E-06,9.0003868E-06
8.9972837E-06,8.9965169E-06,8.9963260E-06,8.9957466E-06,8.9950136E-06,8.9931564E-06,8.9904033E-06,8.9884752E-06,8.9882205E-06,8.9886771E-06,8.9896166E-06,8.9893747E-06,8.9882324E-06,8.9872046E-06,8.9853411E-06,8.9851674E-06,8.9852847E-06,8.9848681E-06,8.9846926E-06,8.9836358E-06,8.9842470E-06,8.9839514E-06,8.9823088E-06,8.9814794E-06,8.9796977E-06,8.9792429E-06,8.9783170E-06,8.9769846E-06,8.9761916E-06,8.9756832E-06,8.9749956E-06,8.9745417E-06,8.9736268E-06,8.9718624E-06,8.9720206E-06,8.9719842E-06
8.9697041E-06,8.9672576E-06,8.9643745E-06,8.9626646E-06,8.9622281E-06,8.9601699E-06,8.9592513E-06,8.9589976E-06,8.9586747E-06,8.9584037E-06,8.9588357E-06,8.9592186E-06,8.9596033E-06,8.9597142E-06,8.9583782E-06,8.9578925E-06,8.9574032E-06,8.9554642E-06,8.9548785E-06,8.9539180E-06,8.9527894E-06,8.9530813E-06,8.9527139E-06,8.9517325E-06,8.9512960E-06,8.9515051E-06,8.9502155E-06,8.9491568E-06,8.9487949E-06,8.9477262E-06,8.9472851E-06,8.9474170E-06,8.9459099E-06,8.9441801E-06,8.9430187E-06,8.9407404E-06
8.9388350E-06,8.9369651E-06,8.9358918E-06,8.9367459E-06,8.9363320E-06,8.9354853E-06,8.9349824E-06,8.9335481E-06,8.9323512E-06,8.9334871E-06,8.9351615E-06,8.9344476E-06,8.9333671E-06,8.9330642E-06,8.9334098E-06,8.9332025E-06,8.9319692E-06,8.9314635E-06,8.9308023E-06,8.9306213E-06,8.9306550E-06,8.9299738E-06,8.9292389E-06,8.9280102E-06,8.9271753E-06,8.9260766E-06,8.9254818E-06,8.9264167E-06,8.9266050E-06,8.9267669E-06,8.9265513E-06,8.9256619E-06,8.9251516E-06,8.9241694E-06,8.9222804E-06,8.9200803E-06
8.9192854E-06,8.9183977E-06,8.9166360E-06,8.9158284E-06,8.9150490E-06,8.9137138E-06,8.9137520E-06,8.9140440E-06,8.9142140E-06,8.9165114E-06,8.9183050E-06,8.9187160E-06,8.9183450E-06,8.9169716E-06,8.9164778E-06,8.9164769E-06,8.9158002E-06,8.9149935E-06,8.9159339E-06,8.9171217E-06,8.9158411E-06,8.9154091E-06,8.9153200E-06,8.9153509E-06,8.9153673E-06,8.9145305E-06,8.9154219E-06,8.9162331E-06,8.9156092E-06,8.9143241E-06,8.9141431E-06,8.9147024E-06,8.9140503E-06,8.9127398E-06,8.9119831E-06,8.9108380E-06
8.9095038E-06,8.9081977E-06,8.9064169E-06,8.9069426E-06,8.9072237E-06,8.9064342E-06,8.9082860E-06,8.9092346E-06,8.9085524E-06,8.9083369E-06,8.9084206E-06,8.9085097E-06,8.9082559E-06,8.9074010E-06,8.9081741E-06,8.9090608E-06,8.9079922E-06,8.9063669E-06,8.9057185E-06,8.9066534E-06,8.9078103E-06,8.9077712E-06,8.9064106E-06,8.9060577E-06,8.9066843E-06,8.9073055E-06,8.9076548E-06,8.9086370E-06,8.9088153E-06,8.9074492E-06,8.9065543E-06,8.9070882E-06,8.9068717E-06,8.9058249E-06,8.9046616E-06,8.9034620E-06
8.9014275E-06,8.8990173E-06,8.8987535E-06,8.8997449E-06,8.8993847E-06,8.8977013E-06,8.8982688E-06,8.8996931E-06,8.8988991E-06,8.9000377E-06,8.9021569E-06,8.9006789E-06,8.8994366E-06,8.8997294E-06,8.8999759E-06,8.9008145E-06,8.8998740E-06,8.8972656E-06,8.8975921E-06,8.8995057E-06,8.9002251E-06,8.9003006E-06,8.8995494E-06,8.8991492E-06,8.9014129E-06,8.9019113E-06,8.9001305E-06,8.8993420E-06,8.8999814E-06,8.9008945E-06,8.9005416E-06,8.8992156E-06,8.8989827E-06,8.8996949E-06,8.8991919E-06,8.8969373E-06
8.8954366E-06,8.8946663E-06,8.8930128E-06,8.8923452E-06,8.8919633E-06,8.8910629E-06,8.8896504E-06,8.8901997E-06,8.8921624E-06,8.8929737E-06,8.8933275E-06,8.8942643E-06,8.8940333E-06,8.8931274E-06,8.8931847E-06,8.8934757E-06,8.8940887E-06,8.8941670E-06,8.8947518E-06,8.8942461E-06,8.8925481E-06,8.8925381E-06,8.8935330E-06,8.8941215E-06,8.8937941E-06,8.8928091E-06,8.8921424E-06,8.8942797E-06,8.8963616E-06,8.8952138E-06,8.8948354E-06,8.8954202E-06,8.8947809E-06,8.8946244E-06,8.8930792E-06,8.8916286E-06
8.8919960E-06,8.8908882E-06,8.8904098E-06,8.8898887E-06,8.8890083E-06,8.8893339E-06,8.8890911E-06,8.8880888E-06,8.8888892E-06,8.8906891E-06,8.8903771E-06,8.8911420E-06,8.8928546E-06,8.8926845E-06,8.8940505E-06,8.8955112E-06,8.8944162E-06,8.8937650E-06,8.8940060E-06,8.8943743E-06,8.8934748E-06,8.8934430E-06,8.8936304E-06,8.8936094E-06,8.8942170E-06,8.8940187E-06,8.8940424E-06,8.8951892E-06,8.8959687E-06,8.8963452E-06,8.8977877E-06,8.8988354E-06,8.8986353E-06,8.8985862E-06,8.8998504E-06,8.8994666E-06
8.8991064E-06,8.8995957E-06,8.8986471E-06,8.8978159E-06,8.8985553E-06,8.9004516E-06,8.9021651E-06,8.9032655E-06,8.9051473E-06,8.9065461E-06,8.9069763E-06,8.9088835E-06,8.9115547E-06,8.9136229E-06,8.9146733E-06,8.9157829E-06,8.9174464E-06,8.9195619E-06,8.9218929E-06,8.9234672E-06,8.9245641E-06,8.9257219E-06,8.9276591E-06,8.9294599E-06,8.9305104E-06,8.9337755E-06,8.9378354E-06,8.9394462E-06,8.9403975E-06,8.9427940E-06,8.9452087E-06,8.9472378E-06,8.9490877E-06,8.9514706E-06,8.9535879E-06,8.9561527E-06
8.9582027E-06,8.9596861E-06,8.9619007E-06,8.9630976E-06,8.9658670E-06,8.9685727E-06,8.9709219E-06,8.9746709E-06,8.9790728E-06,8.9821115E-06,8.9842797E-06,8.9864989E-06,8.9888726E-06,8.9916912E-06,8.9935538E-06,8.9970908E-06,9.0004423E-06,9.0020258E-06,9.0052536E-06,9.0088924E-06,9.0110670E-06,9.0139265E-06,9.0170306E-06,9.0206022E-06,9.0239546E-06,9.0277053E-06,9.0308786E-06,9.0326557E-06,9.0352432E-06,9.0374115E-06,9.0399317E-06,9.0425301E-06,9.0451367E-06,9.0480080E-06,9.0486710E-06,9.0484827E-06
9.0500334E-06,9.0532576E-06,9.0571148E-06,9.0594349E-06,9.0603617E-06,9.0611265E-06,9.0627172E-06,9.0672856E-06,9.0725971E-06,9.0758394E-06,9.0787244E-06,9.0810290E-06,9.0837184E-06,9.0861968E-06,9.0863577E-06,9.0887579E-06,9.0931062E-06,9.0950743E-06,9.0999074E-06,9.1063775E-06,9.1088059E-06,9.1099064E-06,9.1129668E-06,9.1160546E-06,9.1194061E-06,9.1238589E-06,9.1269967E-06,9.1304346E-06,9.1329839E-06,9.1368038E-06,9.1416305E-06,9.1451220E-06,9.1479123E-06,9.1495067E-06,9.1515940E-06,9.1549655E-06
9.1590818E-06,9.1607917E-06,9.1614011E-06,9.1625070E-06,9.1641214E-06,9.1663969E-06,9.1698021E-06,9.1743286E-06,9.1787606E-06,9.1817619E-06,9.1850543E-06,9.1876909E-06,9.1897382E-06,9.1923666E-06,9.1963093E-06,9.2000691E-06,9.2026094E-06,9.2070677E-06,9.2095543E-06,9.2078335E-06,9.2088676E-06,9.2120526E-06,9.2145528E-06,9.2174341E-06,9.2200989E-06,9.2237842E-06,9.2272376E-06,9.2305436E-06,9.2337495E-06,9.2363671E-06,9.2377913E-06,9.2401160E-06,9.2417422E-06,9.2410837E-06,9.2425289E-06,9.2431528E-06
9.2435503E-06,9.2447526E-06,9.2439277E-06,9.2448872E-06,9.2469900E-06,9.2491964E-06,9.2516011E-06,9.2536984E-06,9.2568243E-06,9.2593455E-06,9.2610671E-06,9.2621994E-06,9.2632335E-06,9.2639548E-06,9.2648761E-06,9.2673099E-06,9.2686578E-06,9.2705513E-06,9.2723685E-06,9.2735481E-06,9.2752743E-06,9.2770861E-06,9.2777273E-06,9.2776627E-06,9.2794171E-06,9.2809660E-06,9.2821674E-06,9.2825667E-06,9.2811169E-06,9.2800701E-06,9.2808541E-06,9.2824112E-06,9.2826485E-06,9.2800265E-06,9.2804139E-06,9.2814726E-06
9.2803302E-06,9.2802975E-06,9.2794926E-06,9.2776190E-06,9.2755035E-06,9.2748723E-06,9.2763385E-06,9.2785431E-06,9.2788450E-06,9.2792816E-06,9.2809878E-06,9.2809805E-06,9.2814835E-06,9.2839873E-06,9.2853334E-06,9.2849459E-06,9.2849787E-06,9.2860218E-06,9.2859827E-06,9.2856198E-06,9.2856908E-06,9.2859600E-06,9.2867513E-06,9.2874998E-06,9.2886357E-06,9.2888285E-06,9.2892915E-06,9.2907767E-06,9.2903901E-06,9.2902010E-06,9.2906630E-06,9.2909322E-06,9.2900027E-06,9.2872560E-06,9.2853907E-06,9.2854916E-06
9.2866885E-06,9.2881401E-06,9.2869877E-06,9.2852906E-06,9.2850714E-06,9.2837808E-06,9.2839855E-06,9.2856590E-06,9.2863138E-06,9.2875589E-06,9.2889577E-06,9.2899572E-06,9.2901264E-06,9.2897317E-06,9.2908149E-06,9.2919190E-06,9.2928249E-06,9.2937071E-06,9.2935925E-06,9.2931659E-06,9.2928567E-06,9.2937089E-06,9.2943765E-06,9.2940872E-06,9.2955133E-06,9.2968776E-06,9.2966975E-06,9.2964510E-06,9.2968376E-06,9.2980299E-06,9.2977389E-06,9.2974715E-06,9.2976825E-06,9.2958444E-06,9.2942482E-06,9.2940891E-06
9.2959972E-06,9.2975788E-06,9.2965411E-06,9.2958107E-06,9.2963664E-06,9.2975097E-06,9.2983864E-06,9.2981236E-06,9.2998562E-06,9.3014078E-06,9.3009376E-06,9.3014742E-06,9.3025355E-06,9.3041135E-06,9.3041717E-06,9.3029030E-06,9.3022581E-06,9.3011922E-06,9.3015224E-06,9.3031786E-06,9.3040635E-06,9.3040080E-06,9.3045264E-06,9.3048793E-06,9.3046528E-06,9.3050712E-06,9.3046683E-06,9.3037806E-06,9.3038534E-06,9.3042363E-06,9.3038025E-06,9.3025210E-06,9.3020326E-06,9.3033377E-06,9.3011167E-06,9.2980272E-06
9.2985711E-06,9.2979808E-06,9.2953669E-06,9.2931214E-06,9.2927394E-06,9.2923010E-06,9.2916807E-06,9.2927730E-06,9.2928349E-06,9.2915361E-06,9.2908995E-06,9.2901191E-06,9.2895016E-06,9.2878481E-06,9.2876371E-06,9.2881983E-06,9.2864057E-06,9.2850796E-06,9.2831206E-06,9.2820001E-06,9.2823966E-06,9.2812315E-06,9.2799610E-06,9.2798473E-06,9.2797391E-06,9.2785922E-06,9.2768341E-06,9.2757627E-06,9.2757573E-06,9.2748696E-06,9.2724094E-06,9.2707251E-06,9.2692953E-06,9.2674963E-06,9.2651435E-06,9.2640057E-06
9.2650907E-06,9.2653663E-06,9.2636155E-06,9.2610617E-06,9.2589180E-06,9.2584123E-06,9.2592600E-06,9.2597038E-06,9.2594973E-06,9.2584059E-06,9.2586924E-06,9.2595064E-06,9.2589635E-06,9.2577029E-06,9.2563960E-06,9.2554583E-06,9.2550981E-06,9.2545288E-06,9.2538630E-06,9.2537230E-06,9.2526961E-06,9.2520295E-06,9.2526516E-06,9.2526170E-06,9.2517821E-06,9.2515320E-06,9.2511773E-06,9.2504842E-06,9.2495193E-06,9.2485743E-06,9.2466489E-06,9.2454775E-06,9.2446626E-06,9.2433020E-06,9.2406626E-06,9.2385744E-06
9.2385981E-06,9.2380169E-06,9.2350801E-06,9.2315877E-06,9.2306054E-06,9.2308110E-06,9.2323762E-06,9.2319406E-06,9.2316541E-06,9.2324526E-06,9.2307828E-06,9.2293249E-06,9.2286091E-06,9.2278915E-06,9.2279524E-06,9.2283044E-06,9.2272539E-06,9.2269702E-06,9.2266582E-06,9.2265682E-06,9.2279833E-06,9.2272321E-06,9.2265818E-06,9.2275395E-06,9.2276277E-06,9.2264909E-06,9.2266591E-06,9.2275468E-06,9.2283872E-06,9.2285409E-06,9.2261107E-06,9.2242690E-06,9.2239861E-06,9.2240034E-06,9.2233358E-06,9.2210221E-06
9.2187065E-06,9.2169575E-06,9.2162181E-06,9.2165283E-06,9.2172122E-06,9.2162008E-06,9.2160717E-06,9.2194050E-06,9.2205273E-06,9.2183773E-06,9.2167302E-06,9.2170167E-06,9.2173104E-06,9.2161181E-06,9.2155533E-06,9.2159016E-06,9.2157061E-06,9.2138644E-06,9.2125110E-06,9.2148002E-06,9.2172158E-06,9.2175705E-06,9.2161736E-06,9.2148466E-06,9.2135242E-06,9.2146356E-06,9.2159098E-06,9.2153104E-06,9.2165137E-06,9.2155533E-06,9.2135569E-06,9.2132786E-06,9.2108330E-06,9.2082137E-06,9.2082137E-06,9.2095315E-06
9.2106793E-06,9.2101582E-06,9.2078608E-06,9.2058153E-06,9.2057126E-06,9.2050768E-06,9.2047012E-06,9.2056962E-06,9.2060500E-06,9.2059727E-06,9.2064429E-06,9.2063037E-06,9.2061555E-06,9.2061227E-06,9.2047730E-06,9.2031641E-06,9.2032569E-06,9.2037535E-06,9.2041300E-06,9.2035507E-06,9.2026858E-06,9.2034170E-06,9.2031259E-06,9.2012733E-06,9.1996681E-06,9.1995162E-06,9.1984239E-06,9.1979209E-06,9.1977718E-06,9.1950487E-06,9.1916945E-06,9.1915454E-06,9.1918719E-06,9.1898237E-06,9.1881066E-06,9.1871707E-06
9.1881384E-06,9.1873335E-06,9.1845586E-06,9.1829852E-06,9.1824440E-06,9.1820311E-06,9.1813699E-06,9.1819775E-06,9.1826660E-06,9.1820821E-06,9.1814027E-06,9.1816246E-06,9.1808906E-06,9.1796292E-06,9.1790234E-06,9.1791835E-06,9.1788379E-06,9.1779557E-06,9.1782085E-06,9.1774864E-06,9.1771135E-06,9.1768379E-06,9.1765532E-06,9.1767088E-06,9.1749398E-06,9.1737975E-06,9.1741294E-06,9.1736374E-06,9.1726069E-06,9.1716165E-06,9.1706061E-06,9.1692955E-06,9.1667198E-06,9.1643997E-06,9.1637121E-06,9.1632701E-06
9.1636421E-06,9.1616639E-06,9.1581987E-06,9.1570782E-06,9.1571428E-06,9.1571937E-06,9.1574511E-06,9.1578868E-06,9.1583879E-06,9.1583042E-06,9.1575175E-06,9.1565298E-06,9.1556258E-06,9.1561624E-06,9.1552556E-06,9.1536631E-06,9.1541678E-06,9.1543134E-06,9.1530637E-06,9.1508764E-06,9.1493912E-06,9.1491365E-06,9.1482552E-06,9.1471675E-06,9.1461761E-06,9.1451502E-06,9.1441952E-06,9.1437905E-06,9.1436877E-06,9.1416059E-06,9.1396732E-06,9.1385491E-06,9.1357815E-06,9.1335896E-06,9.1327793E-06,9.1310312E-06
9.1299898E-06,9.1277279E-06,9.1232823E-06,9.1202919E-06,9.1181946E-06,9.1159900E-06,9.1153497E-06,9.1154006E-06,9.1139309E-06,9.1125785E-06,9.1113752E-06,9.1091824E-06,9.1065840E-06,9.1060956E-06,9.1053844E-06,9.1027296E-06,9.1020092E-06,9.1020147E-06,9.1001993E-06,9.0971325E-06,9.0942676E-06,9.0915491E-06,9.0896674E-06,9.0885524E-06,9.0871217E-06,9.0864451E-06,9.0845651E-06,9.0818930E-06,9.0801550E-06,9.0788189E-06,9.0766089E-06,9.0735621E-06,9.0712656E-06,9.0701515E-06,9.0679505E-06,9.0661433E-06
9.0661815E-06,9.0632075E-06,9.0601961E-06,9.0585763E-06,9.0560688E-06,9.0534831E-06,9.0521544E-06,9.0534422E-06,9.0526682E-06,9.0505646E-06,9.0505982E-06,9.0496351E-06,9.0465110E-06,9.0435788E-06,9.0412022E-06,9.0403964E-06,9.0401290E-06,9.0390313E-06,9.0371514E-06,9.0343183E-06,9.0328394E-06,9.0319272E-06,9.0321810E-06,9.0312624E-06,9.0280309E-06,9.0257545E-06,9.0251569E-06,9.0250587E-06,9.0246776E-06,9.0238682E-06,9.0222438E-06,9.0210869E-06,9.0192343E-06,9.0168396E-06,9.0158819E-06,9.0164194E-06
9.0160656E-06,9.0135172E-06,9.0093281E-06,9.0048334E-06,9.0036710E-06,9.0034036E-06,9.0015428E-06,9.0009262E-06,8.9995383E-06,8.9975601E-06,8.9957002E-06,8.9944233E-06,8.9951936E-06,8.9942923E-06,8.9933583E-06,8.9935502E-06,8.9928217E-06,8.9918103E-06,8.9903597E-06,8.9898040E-06,8.9880978E-06,8.9866571E-06,8.9866471E-06,8.9853474E-06,8.9834839E-06,8.9827881E-06,8.9830628E-06,8.9815285E-06,8.9796749E-06,8.9778186E-06,8.9762443E-06,8.9746854E-06,8.9735204E-06,8.9721152E-06,8.9713549E-06,8.9722898E-06
8.9720370E-06,8.9705327E-06,8.9678215E-06,8.9649056E-06,8.9630776E-06,8.9618807E-06,8.9610485E-06,8.9605182E-06,8.9602245E-06,8.9596733E-06,8.9589457E-06,8.9574678E-06,8.9555224E-06,8.9555369E-06,8.9543728E-06,8.9532550E-06,8.9540008E-06,8.9548930E-06,8.9552041E-06,8.9523100E-06,8.9507230E-06,8.9520345E-06,8.9528603E-06,8.9536561E-06,8.9513987E-06,8.9483792E-06,8.9472969E-06,8.9471478E-06,8.9472442E-06,8.9459090E-06,8.9458945E-06,8.9462865E-06,8.9463683E-06,8.9460909E-06,8.9450996E-06,8.9429441E-06
8.9406831E-06,8.9413361E-06,8.9400073E-06,8.9365712E-06,8.9350033E-06,8.9341029E-06,8.9333134E-06,8.9343221E-06,8.9357154E-06,8.9360174E-06,8.9359019E-06,8.9359437E-06,8.9357300E-06,8.9344776E-06,8.9326113E-06,8.9315572E-06,8.9340037E-06,8.9363511E-06,8.9338473E-06,8.9307932E-06,8.9300238E-06,8.9298874E-06,8.9290152E-06,8.9288305E-06,8.9290734E-06,8.9288751E-06,8.9287932E-06,8.9283421E-06,8.9280529E-06,8.9273935E-06,8.9261675E-06,8.9248833E-06,8.9252198E-06,8.9272416E-06,8.9282203E-06,8.9281948E-06
8.9287996E-06,8.9267496E-06,8.9248442E-06,8.9245059E-06,8.9240993E-06,8.9229470E-06,8.9217574E-06,8.9240530E-06,8.9257701E-06,8.9248588E-06,8.9245896E-06,8.9254281E-06,8.9247296E-06,8.9232571E-06,8.9228142E-06,8.9208679E-06,8.9201840E-06,8.9197547E-06,8.9187961E-06,8.9202776E-06,8.9205941E-06,8.9213909E-06,8.9224977E-06,8.9230234E-06,8.9237383E-06,8.9230380E-06,8.9229898E-06,8.9221121E-06,8.9208852E-06,8.9189825E-06,8.9183486E-06,8.9199093E-06,8.9195855E-06,8.9200084E-06,8.9211362E-06,8.9216164E-06
8.9212763E-06,8.9180139E-06,8.9151181E-06,8.9139830E-06,8.9125842E-06,8.9126070E-06,8.9144287E-06,8.9167634E-06,8.9180185E-06,8.9190144E-06,8.9183177E-06,8.9172317E-06,8.9171062E-06,8.9182349E-06,8.9192736E-06,8.9187270E-06,8.9191626E-06,8.9198766E-06,8.9192990E-06,8.9179039E-06,8.9180212E-06,8.9191535E-06,8.9187652E-06,8.9186251E-06,8.9186305E-06,8.9179739E-06,8.9180703E-06,8.9177111E-06,8.9165951E-06,8.9152845E-06,8.9152418E-06,8.9168070E-06,8.9180330E-06,8.9178739E-06,8.9170826E-06,8.9172126E-06
8.9172026E-06,8.9151808E-06,8.9131572E-06,8.9128625E-06,8.9137666E-06,8.9133673E-06,8.9112955E-06,8.9118712E-06,8.9117921E-06,8.9107816E-06,8.9123296E-06,8.9121841E-06,8.9114083E-06,8.9109717E-06,8.9101932E-06,8.9099076E-06,8.9092255E-06,8.9091236E-06,8.9092955E-06,8.9077821E-06,8.9065888E-06,8.9060131E-06,8.9060086E-06,8.9075957E-06,8.9071727E-06,8.9056903E-06,8.9052628E-06,8.9035175E-06,8.9024452E-06,8.9028308E-06,8.9028235E-06,8.9020259E-06,8.9007572E-06,8.9007681E-06,8.9014102E-06,8.9002360E-06
8.8992383E-06,8.8991919E-06,8.8962724E-06,8.8927163E-06,8.8927109E-06,8.8938887E-06,8.8931756E-06,8.8916013E-06,8.8914985E-06,8.8928045E-06,8.8929919E-06,8.8933812E-06,8.8941479E-06,8.8931429E-06,8.8910865E-06,8.8906599E-06,8.8907200E-06,8.8905872E-06,8.8917295E-06,8.8912093E-06,8.8904453E-06,8.8903107E-06,8.8890529E-06,8.8879906E-06,8.8879969E-06,8.8885172E-06,8.8881879E-06,8.8885918E-06,8.8867691E-06,8.8841498E-06,8.8847746E-06,8.8859333E-06,8.8870038E-06,8.8878214E-06,8.8878587E-06,8.8874249E-06
