9.0313697E-06,9.0318190E-06,9.0324765E-06,9.0336589E-06,9.0334697E-06,9.0324693E-06,9.0327212E-06,9.0330277E-06,9.0322801E-06,9.0326339E-06,9.0338008E-06,9.0348158E-06,9.0353596E-06,9.0357853E-06,9.0363719E-06,9.0362055E-06,9.0354833E-06,9.0360527E-06,9.0372796E-06,9.0366093E-06,9.0351687E-06,9.0350832E-06,9.0344556E-06,9.0347185E-06,9.0356643E-06,9.0352778E-06,9.0356543E-06,9.0358899E-06,9.0354888E-06,9.0344720E-06,9.0341591E-06,9.0355561E-06,9.0358781E-06,9.0368449E-06,9.0377034E-06,9.0383392E-06
9.0385538E-06,9.0351514E-06,9.0329113E-06,9.0322001E-06,9.0310732E-06,9.0308804E-06,9.0317853E-06,9.0312887E-06,9.0305557E-06,9.0320263E-06,9.0320200E-06,9.0316116E-06,9.0311587E-06,9.0303838E-06,9.0301692E-06,9.0309413E-06,9.0318190E-06,9.0318481E-06,9.0329959E-06,9.0328567E-06,9.0322246E-06,9.0321437E-06,9.0322719E-06,9.0340854E-06,9.0348358E-06,9.0340682E-06,9.0345829E-06,9.0348558E-06,9.0352214E-06,9.0354879E-06,9.0346457E-06,9.0347939E-06,9.0358990E-06,9.0363228E-06,9.0366620E-06,9.0368740E-06
9.0367439E-06,9.0364110E-06,9.0334488E-06,9.0312797E-06,9.0318927E-06,9.0319136E-06,9.0322301E-06,9.0329440E-06,9.0326494E-06,9.0324738E-06,9.0332642E-06,9.0333206E-06,9.0340736E-06,9.0353724E-06,9.0347466E-06,9.0336143E-06,9.0323301E-06,9.0322310E-06,9.0337253E-06,9.0341373E-06,9.0342801E-06,9.0346175E-06,9.0359244E-06,9.0377480E-06,9.0379844E-06,9.0376588E-06,9.0380863E-06,9.0390649E-06,9.0388239E-06,9.0372096E-06,9.0358671E-06,9.0366848E-06,9.0381427E-06,9.0406966E-06,9.0427948E-06,9.0419980E-06
9.0417125E-06,9.0384383E-06,9.0352305E-06,9.0356807E-06,9.0356334E-06,9.0355406E-06,9.0354415E-06,9.0354888E-06,9.0351104E-06,9.0359836E-06,9.0370586E-06,9.0373815E-06,9.0379954E-06,9.0383028E-06,9.0381154E-06,9.0366984E-06,9.0364483E-06,9.0360381E-06,9.0356261E-06,9.0354524E-06,9.0343065E-06,9.0335916E-06,9.0322583E-06,9.0310423E-06,9.0317799E-06,9.0331050E-06,9.0328731E-06,9.0323638E-06,9.0321537E-06,9.0316626E-06,9.0313133E-06,9.0318308E-06,9.0326912E-06,9.0334570E-06,9.0346575E-06,9.0372014E-06
9.0394114E-06,9.0367430E-06,9.0347721E-06,9.0372678E-06,9.0387948E-06,9.0397889E-06,9.0402609E-06,9.0403691E-06,9.0407493E-06,9.0414715E-06,9.0431595E-06,9.0448839E-06,9.0454050E-06,9.0461663E-06,9.0470930E-06,9.0472404E-06,9.0472959E-06,9.0466628E-06,9.0459598E-06,9.0459916E-06,9.0464055E-06,9.0466665E-06,9.0464773E-06,9.0461572E-06,9.0449012E-06,9.0431722E-06,9.0414733E-06,9.0401072E-06,9.0400581E-06,9.0394406E-06,9.0380454E-06,9.0378153E-06,9.0374706E-06,9.0374651E-06,9.0391486E-06,9.0415551E-06
9.0440271E-06,9.0432304E-06,9.0405720E-06,9.0402700E-06,9.0410158E-06,9.0408575E-06,9.0403282E-06,9.0398380E-06,9.0393942E-06,9.0401363E-06,9.0409167E-06,9.0414660E-06,9.0423609E-06,9.0414614E-06,9.0397552E-06,9.0395088E-06,9.0398689E-06,9.0390904E-06,9.0402864E-06,9.0420253E-06,9.0418498E-06,9.0432550E-06,9.0455069E-06,9.0463027E-06,9.0461381E-06,9.0455978E-06,9.0444591E-06,9.0437088E-06,9.0438643E-06,9.0434669E-06,9.0426165E-06,9.0416734E-06,9.0404283E-06,9.0403291E-06,9.0414733E-06,9.0430249E-06
9.0443636E-06,9.0429021E-06,9.0399289E-06,9.0388548E-06,9.0380599E-06,9.0374051E-06,9.0380563E-06,9.0383783E-06,9.0387393E-06,9.0390149E-06,9.0384774E-06,9.0379317E-06,9.0380436E-06,9.0388603E-06,9.0391659E-06,9.0384638E-06,9.0372059E-06,9.0369976E-06,9.0373369E-06,9.0383701E-06,9.0415542E-06,9.0424273E-06,9.0420426E-06,9.0419853E-06,9.0419198E-06,9.0424546E-06,9.0416534E-06,9.0403619E-06,9.0406147E-06,9.0406493E-06,9.0398844E-06,9.0401008E-06,9.0394815E-06,9.0381700E-06,9.0384192E-06,9.0418880E-06
9.0462945E-06,9.0466046E-06,9.0453477E-06,9.0446383E-06,9.0442763E-06,9.0461708E-06,9.0476269E-06,9.0482345E-06,9.0491203E-06,9.0477270E-06,9.0471831E-06,9.0488902E-06,9.0485491E-06,9.0481290E-06,9.0482490E-06,9.0478788E-06,9.0475323E-06,9.0465864E-06,9.0464664E-06,9.0468384E-06,9.0474577E-06,9.0478661E-06,9.0466347E-06,9.0456406E-06,9.0453996E-06,9.0456797E-06,9.0453650E-06,9.0452013E-06,9.0458852E-06,9.0459143E-06,9.0449703E-06,9.0444746E-06,9.0438825E-06,9.0421672E-06,9.0404947E-06,9.0403782E-06
9.0411977E-06,9.0396206E-06,9.0362810E-06,9.0355707E-06,9.0368067E-06,9.0373960E-06,9.0384128E-06,9.0401800E-06,9.0394897E-06,9.0376679E-06,9.0371077E-06,9.0367494E-06,9.0366157E-06,9.0368967E-06,9.0368585E-06,9.0366047E-06,9.0375397E-06,9.0380499E-06,9.0381072E-06,9.0390495E-06,9.0398717E-06,9.0405620E-06,9.0411331E-06,9.0416124E-06,9.0419626E-06,9.0434969E-06,9.0430522E-06,9.0417179E-06,9.0428766E-06,9.0439025E-06,9.0446647E-06,9.0416806E-06,9.0385374E-06,9.0377389E-06,9.0359563E-06,9.0362200E-06
9.0388048E-06,9.0399144E-06,9.0397452E-06,9.0405274E-06,9.0421081E-06,9.0420981E-06,9.0409940E-06,9.0413041E-06,9.0426674E-06,9.0431768E-06,9.0422545E-06,9.0415497E-06,9.0420253E-06,9.0416297E-06,9.0406884E-06,9.0416415E-06,9.0420326E-06,9.0418935E-06,9.0417325E-06,9.0418562E-06,9.0416806E-06,9.0398425E-06,9.0402627E-06,9.0417470E-06,9.0400954E-06,9.0370995E-06,9.0344965E-06,9.0333460E-06,9.0331632E-06,9.0329195E-06,9.0348922E-06,9.0377334E-06,9.0376334E-06,9.0360836E-06,9.0367994E-06,9.0405074E-06
9.0447647E-06,9.0472304E-06,9.0471049E-06,9.0461381E-06,9.0477097E-06,9.0485619E-06,9.0486246E-06,9.0509075E-06,9.0525245E-06,9.0531230E-06,9.0530657E-06,9.0530120E-06,9.0525618E-06,9.0522699E-06,9.0524636E-06,9.0515296E-06,9.0513859E-06,9.0514623E-06,9.0513886E-06,9.0514113E-06,9.0508583E-06,9.0514377E-06,9.0531794E-06,9.0539288E-06,9.0543881E-06,9.0554677E-06,9.0548956E-06,9.0542444E-06,9.0538087E-06,9.0543835E-06,9.0547683E-06,9.0524481E-06,9.0515232E-06,9.0501126E-06,9.0478898E-06,9.0473795E-06
9.0473004E-06,9.0476069E-06,9.0470885E-06,9.0464291E-06,9.0466210E-06,9.0466392E-06,9.0472195E-06,9.0481053E-06,9.0483027E-06,9.0488902E-06,9.0482363E-06,9.0481380E-06,9.0490621E-06,9.0486583E-06,9.0482235E-06,9.0485037E-06,9.0501098E-06,9.0507929E-06,9.0505237E-06,9.0494814E-06,9.0497097E-06,9.0515004E-06,9.0518570E-06,9.0515987E-06,9.0526037E-06,9.0536696E-06,9.0523872E-06,9.0519443E-06,9.0520116E-06,9.0513622E-06,9.0524891E-06,9.0545891E-06,9.0554449E-06,9.0546100E-06,9.0536887E-06,9.0532458E-06
9.0549829E-06,9.0561280E-06,9.0536978E-06,9.0515159E-06,9.0515878E-06,9.0517915E-06,9.0526173E-06,9.0538224E-06,9.0542444E-06,9.0556923E-06,9.0551666E-06,9.0545691E-06,9.0553567E-06,9.0554231E-06,9.0561625E-06,9.0573794E-06,9.0583217E-06,9.0576068E-06,9.0555904E-06,9.0550338E-06,9.0564035E-06,9.0558105E-06,9.0547928E-06,9.0558069E-06,9.0574331E-06,9.0595131E-06,9.0598269E-06,9.0581652E-06,9.0589747E-06,9.0593567E-06,9.0602853E-06,9.0623562E-06,9.0607100E-06,9.0589674E-06,9.0590965E-06,9.0573476E-06
9.0556023E-06,9.0555886E-06,9.0545291E-06,9.0538306E-06,9.0541016E-06,9.0536032E-06,9.0529102E-06,9.0513058E-06,9.0500434E-06,9.0515432E-06,9.0508702E-06,9.0504027E-06,9.0522190E-06,9.0530802E-06,9.0537505E-06,9.0538415E-06,9.0535350E-06,9.0534741E-06,9.0527183E-06,9.0514186E-06,9.0499279E-06,9.0477806E-06,9.0464200E-06,9.0473286E-06,9.0487110E-06,9.0511285E-06,9.0537469E-06,9.0561534E-06,9.0590802E-06,9.0617541E-06,9.0655158E-06,9.0682479E-06,9.0689327E-06,9.0704252E-06,9.0716949E-06,9.0698541E-06
9.0685799E-06,9.0694211E-06,9.0691938E-06,9.0691747E-06,9.0707635E-06,9.0722870E-06,9.0725489E-06,9.0721460E-06,9.0714202E-06,9.0702579E-06,9.0700632E-06,9.0710628E-06,9.0718513E-06,9.0726107E-06,9.0743770E-06,9.0754793E-06,9.0746489E-06,9.0729554E-06,9.0727253E-06,9.0746089E-06,9.0755493E-06,9.0756403E-06,9.0762760E-06,9.0763178E-06,9.0754529E-06,9.0751037E-06,9.0748381E-06,9.0746162E-06,9.0749872E-06,9.0748872E-06,9.0750809E-06,9.0756894E-06,9.0757858E-06,9.0755348E-06,9.0740650E-06,9.0721942E-06
9.0717649E-06,9.0712674E-06,9.0706226E-06,9.0698168E-06,9.0682224E-06,9.0671119E-06,9.0683361E-06,9.0694375E-06,9.0694220E-06,9.0698431E-06,9.0697322E-06,9.0695075E-06,9.0703279E-06,9.0710118E-06,9.0708690E-06,9.0700978E-06,9.0710728E-06,9.0717267E-06,9.0705434E-06,9.0711892E-06,9.0716830E-06,9.0716176E-06,9.0716330E-06,9.0717613E-06,9.0712765E-06,9.0725407E-06,9.0740914E-06,9.0749572E-06,9.0757940E-06,9.0744270E-06,9.0739186E-06,9.0744979E-06,9.0745998E-06,9.0737903E-06,9.0736357E-06,9.0733592E-06
9.0710864E-06,9.0698904E-06,9.0706417E-06,9.0717604E-06,9.0710155E-06,9.0715011E-06,9.0724889E-06,9.0715694E-06,9.0699805E-06,9.0690319E-06,9.0692638E-06,9.0688209E-06,9.0687517E-06,9.0695676E-06,9.0705362E-06,9.0719250E-06,9.0718540E-06,9.0717667E-06,9.0726262E-06,9.0726253E-06,9.0737949E-06,9.0742260E-06,9.0745307E-06,9.0749781E-06,9.0751946E-06,9.0754920E-06,9.0757830E-06,9.0758731E-06,9.0758558E-06,9.0763888E-06,9.0764524E-06,9.0765234E-06,9.0773556E-06,9.0761387E-06,9.0748053E-06,9.0746698E-06
9.0722806E-06,9.0706490E-06,9.0710027E-06,9.0706344E-06,9.0695667E-06,9.0692283E-06,9.0681815E-06,9.0663398E-06,9.0657659E-06,9.0655249E-06,9.0623798E-06,9.0578169E-06,9.0554058E-06,9.0538988E-06,9.0529575E-06,9.0530693E-06,9.0526901E-06,9.0520753E-06,9.0519297E-06,9.0524081E-06,9.0542071E-06,9.0562871E-06,9.0574276E-06,9.0585863E-06,9.0603389E-06,9.0605508E-06,9.0612611E-06,9.0639642E-06,9.0662424E-06,9.0682925E-06,9.0694148E-06,9.0701142E-06,9.0712710E-06,9.0712592E-06,9.0685153E-06,9.0660187E-06
9.0648018E-06,9.0626227E-06,9.0605408E-06,9.0585900E-06,9.0570984E-06,9.0572566E-06,9.0564154E-06,9.0546382E-06,9.0534841E-06,9.0524718E-06,9.0526137E-06,9.0517160E-06,9.0517833E-06,9.0549229E-06,9.0578114E-06,9.0631338E-06,9.0714084E-06,9.0755084E-06,9.0761996E-06,9.0778558E-06,9.0788098E-06,9.0801977E-06,9.0805706E-06,9.0794574E-06,9.0803742E-06,9.0804151E-06,9.0798449E-06,9.0808480E-06,9.0816920E-06,9.0813819E-06,9.0820959E-06,9.0829826E-06,9.0818967E-06,9.0819103E-06,9.0832855E-06,9.0824078E-06
9.0799813E-06,9.0779686E-06,9.0773365E-06,9.0777003E-06,9.0755520E-06,9.0714175E-06,9.0673675E-06,9.0639442E-06,9.0617323E-06,9.0600024E-06,9.0619033E-06,9.0655221E-06,9.0651883E-06,9.0635403E-06,9.0624808E-06,9.0611466E-06,9.0614321E-06,9.0612921E-06,9.0619624E-06,9.0619951E-06,9.0609164E-06,9.0597050E-06,9.0591538E-06,9.0627409E-06,9.0652129E-06,9.0668163E-06,9.0690819E-06,9.0700041E-06,9.0712765E-06,9.0737640E-06,9.0758931E-06,9.0760532E-06,9.0750573E-06,9.0748035E-06,9.0752565E-06,9.0771273E-06
9.0780950E-06,9.0772391E-06,9.0760204E-06,9.0762878E-06,9.0768890E-06,9.0768690E-06,9.0769772E-06,9.0770063E-06,9.0762987E-06,9.0759231E-06,9.0767608E-06,9.0783287E-06,9.0792264E-06,9.0803051E-06,9.0809099E-06,9.0791291E-06,9.0802005E-06,9.0819985E-06,9.0808680E-06,9.0799267E-06,9.0800822E-06,9.0794529E-06,9.0788362E-06,9.0802114E-06,9.0824305E-06,9.0830827E-06,9.0826033E-06,9.0819713E-06,9.0828762E-06,9.0833437E-06,9.0825006E-06,9.0830235E-06,9.0843077E-06,9.0849789E-06,9.0849862E-06,9.0844069E-06
9.0824942E-06,9.0803278E-06,9.0784997E-06,9.0780695E-06,9.0785061E-06,9.0786079E-06,9.0785425E-06,9.0783797E-06,9.0779195E-06,9.0776029E-06,9.0782642E-06,9.0796420E-06,9.0805033E-06,9.0812291E-06,9.0820577E-06,9.0812655E-06,9.0803041E-06,9.0798621E-06,9.0806588E-06,9.0810490E-06,9.0804688E-06,9.0814819E-06,9.0819940E-06,9.0831718E-06,9.0840813E-06,9.0843478E-06,9.0852400E-06,9.0848216E-06,9.0854637E-06,9.0861913E-06,9.0863632E-06,9.0879239E-06,9.0872309E-06,9.0850199E-06,9.0850499E-06,9.0853309E-06
9.0840631E-06,9.0816602E-06,9.0801313E-06,9.0804342E-06,9.0815620E-06,9.0804297E-06,9.0781987E-06,9.0780195E-06,9.0791291E-06,9.0802750E-06,9.0803596E-06,9.0813355E-06,9.0829862E-06,9.0833528E-06,9.0828644E-06,9.0837448E-06,9.0841668E-06,9.0828289E-06,9.0828989E-06,9.0837893E-06,9.0834210E-06,9.0832036E-06,9.0831054E-06,9.0833655E-06,9.0836238E-06,9.0825806E-06,9.0828817E-06,9.0830099E-06,9.0824087E-06,9.0829017E-06,9.0819085E-06,9.0805706E-06,9.0812136E-06,9.0808371E-06,9.0812546E-06,9.0832254E-06
9.0822932E-06,9.0791427E-06,9.0768062E-06,9.0769645E-06,9.0776848E-06,9.0773401E-06,9.0760268E-06,9.0751537E-06,9.0762805E-06,9.0766252E-06,9.0762833E-06,9.0765989E-06,9.0772064E-06,9.0778267E-06,9.0769054E-06,9.0773919E-06,9.0785352E-06,9.0777767E-06,9.0769563E-06,9.0753638E-06,9.0744761E-06,9.0748290E-06,9.0751746E-06,9.0745552E-06,9.0749936E-06,9.0773219E-06,9.0778467E-06,9.0763242E-06,9.0759040E-06,9.0768926E-06,9.0768926E-06,9.0788189E-06,9.0797421E-06,9.0787707E-06,9.0793237E-06,9.0786943E-06
9.0781450E-06,9.0771655E-06,9.0749809E-06,9.0734584E-06,9.0728508E-06,9.0732701E-06,9.0722515E-06,9.0727781E-06,9.0749436E-06,9.0746771E-06,9.0756512E-06,9.0771045E-06,9.0769427E-06,9.0772237E-06,9.0765234E-06,9.0756421E-06,9.0757458E-06,9.0754711E-06,9.0749572E-06,9.0751482E-06,9.0765907E-06,9.0770382E-06,9.0768808E-06,9.0778958E-06,9.0784897E-06,9.0783387E-06,9.0794356E-06,9.0800668E-06,9.0799640E-06,9.0806552E-06,9.0803169E-06,9.0794674E-06,9.0788935E-06,9.0782987E-06,9.0784979E-06,9.0777430E-06
9.0765434E-06,9.0745270E-06,9.0727599E-06,9.0724970E-06,9.0721751E-06,9.0717358E-06,9.0712974E-06,9.0717513E-06,9.0729127E-06,9.0742142E-06,9.0751018E-06,9.0757048E-06,9.0753538E-06,9.0747244E-06,9.0752510E-06,9.0757039E-06,9.0753720E-06,9.0757940E-06,9.0767926E-06,9.0768144E-06,9.0770145E-06,9.0773974E-06,9.0764479E-06,9.0765206E-06,9.0767307E-06,9.0759795E-06,9.0756630E-06,9.0764352E-06,9.0770145E-06,9.0761878E-06,9.0755329E-06,9.0761578E-06,9.0770636E-06,9.0759186E-06,9.0755939E-06,9.0767990E-06
9.0743579E-06,9.0731328E-06,9.0729363E-06,9.0719095E-06,9.0725589E-06,9.0724352E-06,9.0708172E-06,9.0694584E-06,9.0697486E-06,9.0694521E-06,9.0704252E-06,9.0722697E-06,9.0734193E-06,9.0739313E-06,9.0730646E-06,9.0724980E-06,9.0726253E-06,9.0721369E-06,9.0725580E-06,9.0737085E-06,9.0734984E-06,9.0730955E-06,9.0725825E-06,9.0728354E-06,9.0748790E-06,9.0757694E-06,9.0761314E-06,9.0764770E-06,9.0756312E-06,9.0760914E-06,9.0768090E-06,9.0766371E-06,9.0767207E-06,9.0769954E-06,9.0762342E-06,9.0768162E-06
9.0761268E-06,9.0739013E-06,9.0737785E-06,9.0733847E-06,9.0723888E-06,9.0713820E-06,9.0714693E-06,9.0720568E-06,9.0726680E-06,9.0727863E-06,9.0715112E-06,9.0702497E-06,9.0713238E-06,9.0735111E-06,9.0747017E-06,9.0756403E-06,9.0770409E-06,9.0789044E-06,9.0788626E-06,9.0774056E-06,9.0769017E-06,9.0769254E-06,9.0770754E-06,9.0755129E-06,9.0738240E-06,9.0746353E-06,9.0768644E-06,9.0770090E-06,9.0763460E-06,9.0768499E-06,9.0775520E-06,9.0782341E-06,9.0798458E-06,9.0809799E-06,9.0814010E-06,9.0811245E-06
9.0792364E-06,9.0772110E-06,9.0752410E-06,9.0729591E-06,9.0724006E-06,9.0731137E-06,9.0723761E-06,9.0732219E-06,9.0745534E-06,9.0750855E-06,9.0747544E-06,9.0746180E-06,9.0747180E-06,9.0741496E-06,9.0757494E-06,9.0761041E-06,9.0750800E-06,9.0757685E-06,9.0769408E-06,9.0760950E-06,9.0757940E-06,9.0764397E-06,9.0766871E-06,9.0772000E-06,9.0767753E-06,9.0767335E-06,9.0767508E-06,9.0775929E-06,9.0790627E-06,9.0791491E-06,9.0772992E-06,9.0770227E-06,9.0786825E-06,9.0792746E-06,9.0795256E-06,9.0782041E-06
9.0757330E-06,9.0734893E-06,9.0726171E-06,9.0734402E-06,9.0727799E-06,9.0699077E-06,9.0691983E-06,9.0701724E-06,9.0704625E-06,9.0710455E-06,9.0707572E-06,9.0716776E-06,9.0720296E-06,9.0690301E-06,9.0678286E-06,9.0680205E-06,9.0669118E-06,9.0682697E-06,9.0678623E-06,9.0649837E-06,9.0646081E-06,9.0642388E-06,9.0633612E-06,9.0629937E-06,9.0623034E-06,9.0610647E-06,9.0595322E-06,9.0579888E-06,9.0569756E-06,9.0580279E-06,9.0605636E-06,9.0617341E-06,9.0600024E-06,9.0589137E-06,9.0602471E-06,9.0584208E-06
9.0565099E-06,9.0570456E-06,9.0574294E-06,9.0572857E-06,9.0558833E-06,9.0560998E-06,9.0574476E-06,9.0576177E-06,9.0563617E-06,9.0565154E-06,9.0573148E-06,9.0564899E-06,9.0555204E-06,9.0548910E-06,9.0554122E-06,9.0551730E-06,9.0541298E-06,9.0539961E-06,9.0536760E-06,9.0520598E-06,9.0510584E-06,9.0502235E-06,9.0484500E-06,9.0475260E-06,9.0477306E-06,9.0495841E-06,9.0493440E-06,9.0459744E-06,9.0455633E-06,9.0465146E-06,9.0467565E-06,9.0471603E-06,9.0477197E-06,9.0481344E-06,9.0475696E-06,9.0472249E-06
9.0467392E-06,9.0456551E-06,9.0457106E-06,9.0470539E-06,9.0487438E-06,9.0505709E-06,9.0507810E-06,9.0510775E-06,9.0531967E-06,9.0549320E-06,9.0574958E-06,9.0592412E-06,9.0596277E-06,9.0610183E-06,9.0621215E-06,9.0627864E-06,9.0635103E-06,9.0641770E-06,9.0654767E-06,9.0662615E-06,9.0671974E-06,9.0682288E-06,9.0685407E-06,9.0684225E-06,9.0669464E-06,9.0672929E-06,9.0685389E-06,9.0690637E-06,9.0696003E-06,9.0690682E-06,9.0672875E-06,9.0666772E-06,9.0694630E-06,9.0711137E-06,9.0711401E-06,9.0696121E-06
9.0683825E-06,9.0684889E-06,9.0675403E-06,9.0674002E-06,9.0669118E-06,9.0651911E-06,9.0642407E-06,9.0647536E-06,9.0650592E-06,9.0656476E-06,9.0644344E-06,9.0621088E-06,9.0629373E-06,9.0639132E-06,9.0647654E-06,9.0649219E-06,9.0645517E-06,9.0636813E-06,9.0631765E-06,9.0638214E-06,9.0634257E-06,9.0629346E-06,9.0629574E-06,9.0642243E-06,9.0647181E-06,9.0646999E-06,9.0645526E-06,9.0632948E-06,9.0624599E-06,9.0626163E-06,9.0642070E-06,9.0647145E-06,9.0638205E-06,9.0627209E-06,9.0616895E-06,9.0605836E-06
9.0586400E-06,9.0567819E-06,9.0568701E-06,9.0579870E-06,9.0567191E-06,9.0556177E-06,9.0554540E-06,9.0544117E-06,9.0548101E-06,9.0564044E-06,9.0570556E-06,9.0581598E-06,9.0586745E-06,9.0592130E-06,9.0590047E-06,9.0581725E-06,9.0584981E-06,9.0585918E-06,9.0580625E-06,9.0575977E-06,9.0572685E-06,9.0563826E-06,9.0564927E-06,9.0582025E-06,9.0583444E-06,9.0580552E-06,9.0580688E-06,9.0578196E-06,9.0576905E-06,9.0573594E-06,9.0579688E-06,9.0580252E-06,9.0577641E-06,9.0569874E-06,9.0556778E-06,9.0552830E-06
9.0540370E-06,9.0530748E-06,9.0524145E-06,9.0517688E-06,9.0521853E-06,9.0523126E-06,9.0521835E-06,9.0525009E-06,9.0533622E-06,9.0548565E-06,9.0563271E-06,9.0567664E-06,9.0574631E-06,9.0584117E-06,9.0580106E-06,9.0569456E-06,9.0566018E-06,9.0571812E-06,9.0586718E-06,9.0590602E-06,9.0594840E-06,9.0596777E-06,9.0588173E-06,9.0582062E-06,9.0573476E-06,9.0586591E-06,9.0600424E-06,9.0602189E-06,9.0607145E-06,9.0601943E-06,9.0589838E-06,9.0580334E-06,9.0582962E-06,9.0600197E-06,9.0581780E-06,9.0565500E-06
9.0564063E-06,9.0546637E-06,9.0538379E-06,9.0547764E-06,9.0551621E-06,9.0541071E-06,9.0548365E-06,9.0553376E-06,9.0550702E-06,9.0560670E-06,9.0569247E-06,9.0575895E-06,9.0588164E-06,9.0587036E-06,9.0574013E-06,9.0587682E-06,9.0609292E-06,9.0612284E-06,9.0610765E-06,9.0608710E-06,9.0609883E-06,9.0599215E-06,9.0594131E-06,9.0599024E-06,9.0597523E-06,9.0597423E-06,9.0592712E-06,9.0590802E-06,9.0596159E-06,9.0590092E-06,9.0591229E-06,9.0596086E-06,9.0598487E-06,9.0584208E-06,9.0564463E-06,9.0552294E-06
9.0541825E-06,9.0541016E-06,9.0547182E-06,9.0549520E-06,9.0523827E-06,9.0488538E-06,9.0471594E-06,9.0478852E-06,9.0467156E-06,9.0458088E-06,9.0475114E-06,9.0472631E-06,9.0455978E-06,9.0433468E-06,9.0416333E-06,9.0403782E-06,9.0398953E-06,9.0395215E-06,9.0369340E-06,9.0361136E-06,9.0352496E-06,9.0346921E-06,9.0355625E-06,9.0348612E-06,9.0332096E-06,9.0304293E-06,9.0284520E-06,9.0274743E-06,9.0274361E-06,9.0267631E-06,9.0255899E-06,9.0263175E-06,9.0271123E-06,9.0260337E-06,9.0246631E-06,9.0231615E-06
9.0208350E-06,9.0199528E-06,9.0203630E-06,9.0195626E-06,9.0186613E-06,9.0196054E-06,9.0213407E-06,9.0223775E-06,9.0233871E-06,9.0247031E-06,9.0268459E-06,9.0285657E-06,9.0308476E-06,9.0335607E-06,9.0345147E-06,9.0360963E-06,9.0352278E-06,9.0354179E-06,9.0383955E-06,9.0410040E-06,9.0441363E-06,9.0456597E-06,9.0467411E-06,9.0474286E-06,9.0492676E-06,9.0519115E-06,9.0516778E-06,9.0516332E-06,9.0531612E-06,9.0548210E-06,9.0572457E-06,9.0604135E-06,9.0633994E-06,9.0635358E-06,9.0633830E-06,9.0635294E-06
9.0623471E-06,9.0621925E-06,9.0637795E-06,9.0656058E-06,9.0662734E-06,9.0676831E-06,9.0685817E-06,9.0701642E-06,9.0722224E-06,9.0715230E-06,9.0727717E-06,9.0745179E-06,9.0754711E-06,9.0769718E-06,9.0768499E-06,9.0768690E-06,9.0776612E-06,9.0792155E-06,9.0798003E-06,9.0794774E-06,9.0784133E-06,9.0781441E-06,9.0801395E-06,9.0795866E-06,9.0781359E-06,9.0777667E-06,9.0787316E-06,9.0797830E-06,9.0800459E-06,9.0803105E-06,9.0800204E-06,9.0796166E-06,9.0790636E-06,9.0772892E-06,9.0754938E-06,9.0743324E-06
9.0724916E-06,9.0713538E-06,9.0710318E-06,9.0705062E-06,9.0701906E-06,9.0688172E-06,9.0668263E-06,9.0669746E-06,9.0675576E-06,9.0669637E-06,9.0655658E-06,9.0653848E-06,9.0651765E-06,9.0633548E-06,9.0616149E-06,9.0598132E-06,9.0580843E-06,9.0551257E-06,9.0528892E-06,9.0528074E-06,9.0505591E-06,9.0464628E-06,9.0447311E-06,9.0439880E-06,9.0415069E-06,9.0385411E-06,9.0363956E-06,9.0351168E-06,9.0342100E-06,9.0332105E-06,9.0323019E-06,9.0311159E-06,9.0295907E-06,9.0284220E-06,9.0250978E-06,9.0213698E-06
9.0188041E-06,9.0166277E-06,9.0146786E-06,9.0120047E-06,9.0102621E-06,9.0102330E-06,9.0092717E-06,9.0083904E-06,9.0092508E-06,9.0111007E-06,9.0115227E-06,9.0118310E-06,9.0133708E-06,9.0137055E-06,9.0139520E-06,9.0134818E-06,9.0144776E-06,9.0156718E-06,9.0151871E-06,9.0160765E-06,9.0166804E-06,9.0172789E-06,9.0196518E-06,9.0214025E-06,9.0226676E-06,9.0242529E-06,9.0254753E-06,9.0264357E-06,9.0297171E-06,9.0331223E-06,9.0329431E-06,9.0349940E-06,9.0392077E-06,9.0412223E-06,9.0413296E-06,9.0406083E-06
9.0419862E-06,9.0448066E-06,9.0460189E-06,9.0479125E-06,9.0511048E-06,9.0525445E-06,9.0515041E-06,9.0512058E-06,9.0531930E-06,9.0552730E-06,9.0552394E-06,9.0558706E-06,9.0571348E-06,9.0569447E-06,9.0558688E-06,9.0553021E-06,9.0558506E-06,9.0555022E-06,9.0551857E-06,9.0543554E-06,9.0531375E-06,9.0527237E-06,9.0536696E-06,9.0539270E-06,9.0545427E-06,9.0567519E-06,9.0563617E-06,9.0559433E-06,9.0564326E-06,9.0564627E-06,9.0567782E-06,9.0554076E-06,9.0544727E-06,9.0551784E-06,9.0536250E-06,9.0517833E-06
9.0520070E-06,9.0524145E-06,9.0521862E-06,9.0512403E-06,9.0506774E-06,9.0511639E-06,9.0522262E-06,9.0541425E-06,9.0541607E-06,9.0545000E-06,9.0559370E-06,9.0543654E-06,9.0523499E-06,9.0517533E-06,9.0503581E-06,9.0507765E-06,9.0526100E-06,9.0527028E-06,9.0532440E-06,9.0535768E-06,9.0535550E-06,9.0548629E-06,9.0562644E-06,9.0560752E-06,9.0550047E-06,9.0556377E-06,9.0562225E-06,9.0560024E-06,9.0563244E-06,9.0549211E-06,9.0536650E-06,9.0513949E-06,9.0476988E-06,9.0429421E-06,9.0381300E-06,9.0345375E-06
9.0307121E-06,9.0262965E-06,9.0221165E-06,9.0194062E-06,9.0174144E-06,9.0155900E-06,9.0113772E-06,9.0074445E-06,9.0072663E-06,9.0066114E-06,9.0021949E-06,8.9965051E-06,8.9939103E-06,8.9922642E-06,8.9883497E-06,8.9848036E-06,8.9822815E-06,8.9783416E-06,8.9738469E-06,8.9705709E-06,8.9687292E-06,8.9666946E-06,8.9632040E-06,8.9591167E-06,8.9563282E-06,8.9552877E-06,8.9546065E-06,8.9528994E-06,8.9483983E-06,8.9452515E-06,8.9452214E-06,8.9432087E-06,8.9409514E-06,8.9389205E-06,8.9332034E-06,8.9271007E-06
8.9232180E-06,8.9182586E-06,8.9150390E-06,8.9116029E-06,8.9081259E-06,8.9077012E-06,8.9074674E-06,8.9083915E-06,8.9088862E-06,8.9069708E-06,8.9055766E-06,8.9049781E-06,8.9028990E-06,8.8995712E-06,8.8970200E-06,8.8973011E-06,8.8973484E-06,8.8951383E-06,8.8950592E-06,8.8951838E-06,8.8941397E-06,8.8944944E-06,8.8953766E-06,8.8955885E-06,8.8946645E-06,8.8951565E-06,8.8966672E-06,8.8971492E-06,8.8955176E-06,8.8952383E-06,8.8951729E-06,8.8940569E-06,8.8929892E-06,8.8921961E-06,8.8915194E-06,8.8887846E-06
8.8887518E-06,8.8900160E-06,8.8877641E-06,8.8865681E-06,8.8873021E-06,8.8873794E-06,8.8871393E-06,8.8878041E-06,8.8902707E-06,8.8913821E-06,8.8909819E-06,8.8911429E-06,8.8906709E-06,8.8916222E-06,8.8937204E-06,8.8939751E-06,8.8944862E-06,8.8953702E-06,8.8955376E-06,8.8975685E-06,8.9010200E-06,8.9031737E-06,8.9054683E-06,8.9076520E-06,8.9091591E-06,8.9117184E-06,8.9158766E-06,8.9194636E-06,8.9228033E-06,8.9257164E-06,8.9287369E-06,8.9338046E-06,8.9375035E-06,8.9378245E-06,8.9385976E-06,8.9430187E-06
8.9482692E-06,8.9516179E-06,8.9550595E-06,8.9585856E-06,8.9625992E-06,8.9666728E-06,8.9703544E-06,8.9762552E-06,8.9817622E-06,8.9849955E-06,8.9894474E-06,8.9944269E-06,8.9983068E-06,9.0020794E-06,9.0051053E-06,9.0095773E-06,9.0138574E-06,9.0161238E-06,9.0181184E-06,9.0201374E-06,9.0221856E-06,9.0238664E-06,9.0265994E-06,9.0296908E-06,9.0316971E-06,9.0339108E-06,9.0356671E-06,9.0372614E-06,9.0398989E-06,9.0419908E-06,9.0439080E-06,9.0454014E-06,9.0457579E-06,9.0442691E-06,9.0436069E-06,9.0443227E-06
9.0450176E-06,9.0457979E-06,9.0447838E-06,9.0434160E-06,9.0434405E-06,9.0446310E-06,9.0456806E-06,9.0470357E-06,9.0471849E-06,9.0475905E-06,9.0483600E-06,9.0483818E-06,9.0484273E-06,9.0478907E-06,9.0475341E-06,9.0477006E-06,9.0479070E-06,9.0471203E-06,9.0463227E-06,9.0453223E-06,9.0446847E-06,9.0450239E-06,9.0449485E-06,9.0448893E-06,9.0458279E-06,9.0472886E-06,9.0477470E-06,9.0480935E-06,9.0476333E-06,9.0466810E-06,9.0467683E-06,9.0461244E-06,9.0449193E-06,9.0434860E-06,9.0420999E-06,9.0406929E-06
9.0402091E-06,9.0393050E-06,9.0376889E-06,9.0387684E-06,9.0410276E-06,9.0425592E-06,9.0444901E-06,9.0467120E-06,9.0496651E-06,9.0522362E-06,9.0528010E-06,9.0553740E-06,9.0582635E-06,9.0585881E-06,9.0596295E-06,9.0590665E-06,9.0587391E-06,9.0608200E-06,9.0606300E-06,9.0609801E-06,9.0624717E-06,9.0630028E-06,9.0635249E-06,9.0632957E-06,9.0628664E-06,9.0631956E-06,9.0641815E-06,9.0639760E-06,9.0631729E-06,9.0636222E-06,9.0653048E-06,9.0649864E-06,9.0615604E-06,9.0600943E-06,9.0603871E-06,9.0603244E-06
9.0597859E-06,9.0583762E-06,9.0566436E-06,9.0565991E-06,9.0572139E-06,9.0570684E-06,9.0592302E-06,9.0625717E-06,9.0640460E-06,9.0649382E-06,9.0654894E-06,9.0653793E-06,9.0658705E-06,9.0655376E-06,9.0651292E-06,9.0658823E-06,9.0656031E-06,9.0657786E-06,9.0667272E-06,9.0659560E-06,9.0660105E-06,9.0663134E-06,9.0664216E-06,9.0678213E-06,9.0680824E-06,9.0673348E-06,9.0672911E-06,9.0677686E-06,9.0666808E-06,9.0646554E-06,9.0650665E-06,9.0664307E-06,9.0651447E-06,9.0623671E-06,9.0610283E-06,9.0616650E-06
9.0623607E-06,9.0613903E-06,9.0604517E-06,9.0607136E-06,9.0603362E-06,9.0607700E-06,9.0607491E-06,9.0617023E-06,9.0630383E-06,9.0625072E-06,9.0623425E-06,9.0636504E-06,9.0646026E-06,9.0638814E-06,9.0628791E-06,9.0631265E-06,9.0626563E-06,9.0628264E-06,9.0651265E-06,9.0649928E-06,9.0644853E-06,9.0637077E-06,9.0644407E-06,9.0657595E-06,9.0646981E-06,9.0646308E-06,9.0648318E-06,9.0655594E-06,9.0657013E-06,9.0659614E-06,9.0659505E-06,9.0648564E-06,9.0655894E-06,9.0655567E-06,9.0647863E-06,9.0642015E-06
9.0642807E-06,9.0630847E-06,9.0624808E-06,9.0626891E-06,9.0630738E-06,9.0642898E-06,9.0651638E-06,9.0673648E-06,9.0688827E-06,9.0680933E-06,9.0672929E-06,9.0681306E-06,9.0695394E-06,9.0698177E-06,9.0692993E-06,9.0693220E-06,9.0698177E-06,9.0708281E-06,9.0710282E-06,9.0706226E-06,9.0707599E-06,9.0704389E-06,9.0692811E-06,9.0687736E-06,9.0689191E-06,9.0704307E-06,9.0709927E-06,9.0710446E-06,9.0715284E-06,9.0704307E-06,9.0695421E-06,9.0687254E-06,9.0677686E-06,9.0661688E-06,9.0649873E-06,9.0653639E-06
9.0672993E-06,9.0659932E-06,9.0616704E-06,9.0605836E-06,9.0619869E-06,9.0628464E-06,9.0626936E-06,9.0632911E-06,9.0645190E-06,9.0651802E-06,9.0644971E-06,9.0637923E-06,9.0642989E-06,9.0644453E-06,9.0640951E-06,9.0638750E-06,9.0625572E-06,9.0628755E-06,9.0637868E-06,9.0629055E-06,9.0628546E-06,9.0639878E-06,9.0654803E-06,9.0655658E-06,9.0648073E-06,9.0646272E-06,9.0622725E-06,9.0604390E-06,9.0616504E-06,9.0625162E-06,9.0621170E-06,9.0605245E-06,9.0577459E-06,9.0575477E-06,9.0582735E-06,9.0569065E-06
9.0561643E-06,9.0546227E-06,9.0533222E-06,9.0518097E-06,9.0505191E-06,9.0501981E-06,9.0500280E-06,9.0536459E-06,9.0557651E-06,9.0546164E-06,9.0564581E-06,9.0586336E-06,9.0583553E-06,9.0591893E-06,9.0600815E-06,9.0600970E-06,9.0603353E-06,9.0600461E-06,9.0608346E-06,9.0620515E-06,9.0618741E-06,9.0613494E-06,9.0628027E-06,9.0633948E-06,9.0629310E-06,9.0639551E-06,9.0644880E-06,9.0643243E-06,9.0639660E-06,9.0657732E-06,9.0681551E-06,9.0683952E-06,9.0679296E-06,9.0679923E-06,9.0696003E-06,9.0707363E-06
9.0715330E-06,9.0709545E-06,9.0686608E-06,9.0684980E-06,9.0683989E-06,9.0688263E-06,9.0693911E-06,9.0706662E-06,9.0733220E-06,9.0720514E-06,9.0718895E-06,9.0722951E-06,9.0711856E-06,9.0709027E-06,9.0709400E-06,9.0717676E-06,9.0716612E-06,9.0722515E-06,9.0726544E-06,9.0715448E-06,9.0709454E-06,9.0721014E-06,9.0735803E-06,9.0729682E-06,9.0723806E-06,9.0730236E-06,9.0734629E-06,9.0708672E-06,9.0685926E-06,9.0683534E-06,9.0669091E-06,9.0676640E-06,9.0674739E-06,9.0627591E-06,9.0630547E-06,9.0675012E-06
9.0664880E-06,9.0624408E-06,9.0614130E-06,9.0628400E-06,9.0624908E-06,9.0609783E-06,9.0612866E-06,9.0636522E-06,9.0638905E-06,9.0638341E-06,9.0661206E-06,9.0675694E-06,9.0663207E-06,9.0647791E-06,9.0654457E-06,9.0662988E-06,9.0666008E-06,9.0663916E-06,9.0673138E-06,9.0692583E-06,9.0698377E-06,9.0684916E-06,9.0674066E-06,9.0687681E-06,9.0680251E-06,9.0672129E-06,9.0688536E-06,9.0693429E-06,9.0685380E-06,9.0672202E-06,9.0667854E-06,9.0661488E-06,9.0652084E-06,9.0644389E-06,9.0644098E-06,9.0646163E-06
9.0643743E-06,9.0638614E-06,9.0609437E-06,9.0578105E-06,9.0582998E-06,9.0595613E-06,9.0606500E-06,9.0624426E-06,9.0634548E-06,9.0631338E-06,9.0632420E-06,9.0624617E-06,9.0614867E-06,9.0624408E-06,9.0611093E-06,9.0599551E-06,9.0618623E-06,9.0622589E-06,9.0612921E-06,9.0616786E-06,9.0617650E-06,9.0622389E-06,9.0632739E-06,9.0629373E-06,9.0625890E-06,9.0645026E-06,9.0648773E-06,9.0641261E-06,9.0644753E-06,9.0637659E-06,9.0627327E-06,9.0616913E-06,9.0605517E-06,9.0593585E-06,9.0597432E-06,9.0602562E-06
9.0602653E-06,9.0588228E-06,9.0564408E-06,9.0561270E-06,9.0569611E-06,9.0576868E-06,9.0579069E-06,9.0588646E-06,9.0578624E-06,9.0570802E-06,9.0580515E-06,9.0582143E-06,9.0576732E-06,9.0574213E-06,9.0577587E-06,9.0571093E-06,9.0565300E-06,9.0566828E-06,9.0575550E-06,9.0563499E-06,9.0559506E-06,9.0569774E-06,9.0572603E-06,9.0583717E-06,9.0577869E-06,9.0565454E-06,9.0578105E-06,9.0577405E-06,9.0574103E-06,9.0584581E-06,9.0574595E-06,9.0556250E-06,9.0537514E-06,9.0531876E-06,9.0544427E-06,9.0557369E-06
9.0567655E-06,9.0562471E-06,9.0546846E-06,9.0542426E-06,9.0533185E-06,9.0527610E-06,9.0535577E-06,9.0534368E-06,9.0531630E-06,9.0537624E-06,9.0541343E-06,9.0550720E-06,9.0561707E-06,9.0564208E-06,9.0563453E-06,9.0563572E-06,9.0567501E-06,9.0565145E-06,9.0562544E-06,9.0557251E-06,9.0550266E-06,9.0555850E-06,9.0560889E-06,9.0556523E-06,9.0551985E-06,9.0560934E-06,9.0562125E-06,9.0562426E-06,9.0561762E-06,9.0557742E-06,9.0560552E-06,9.0547373E-06,9.0542217E-06,9.0554276E-06,9.0552485E-06,9.0547228E-06
9.0545536E-06,9.0542298E-06,9.0516751E-06,9.0486073E-06,9.0481335E-06,9.0483863E-06,9.0483518E-06,9.0492304E-06,9.0501553E-06,9.0492349E-06,9.0492340E-06,9.0498770E-06,9.0498870E-06,9.0513413E-06,9.0518743E-06,9.0510894E-06,9.0512512E-06,9.0507719E-06,9.0504063E-06,9.0512367E-06,9.0514122E-06,9.0506128E-06,9.0510139E-06,9.0515587E-06,9.0508265E-06,9.0495951E-06,9.0498688E-06,9.0504873E-06,9.0498561E-06,9.0498324E-06,9.0495732E-06,9.0487647E-06,9.0491558E-06,9.0494586E-06,9.0490885E-06,9.0498152E-06
9.0495596E-06,9.0472740E-06,9.0466183E-06,9.0451949E-06,9.0439789E-06,9.0453313E-06,9.0458643E-06,9.0462136E-06,9.0465764E-06,9.0456715E-06,9.0456806E-06,9.0468484E-06,9.0461453E-06,9.0466883E-06,9.0481344E-06,9.0484045E-06,9.0475432E-06,9.0473459E-06,9.0480535E-06,9.0478334E-06,9.0486055E-06,9.0481417E-06,9.0471613E-06,9.0471985E-06,9.0476433E-06,9.0471758E-06,9.0477315E-06,9.0494832E-06,9.0482763E-06,9.0474441E-06,9.0464900E-06,9.0447020E-06,9.0446483E-06,9.0459143E-06,9.0469093E-06,9.0469293E-06
9.0458925E-06,9.0438425E-06,9.0426211E-06,9.0429476E-06,9.0430785E-06,9.0423646E-06,9.0420044E-06,9.0424246E-06,9.0433759E-06,9.0431531E-06,9.0426720E-06,9.0435451E-06,9.0437252E-06,9.0450967E-06,9.0463700E-06,9.0465683E-06,9.0475432E-06,9.0468166E-06,9.0452959E-06,9.0461963E-06,9.0474305E-06,9.0479125E-06,9.0490212E-06,9.0499625E-06,9.0501253E-06,9.0493777E-06,9.0477042E-06,9.0478334E-06,9.0485537E-06,9.0470130E-06,9.0461863E-06,9.0465219E-06,9.0469166E-06,9.0469848E-06,9.0474241E-06,9.0482108E-06
9.0493377E-06,9.0487083E-06,9.0455087E-06,9.0442763E-06,9.0455178E-06,9.0464291E-06,9.0463827E-06,9.0464055E-06,9.0465646E-06,9.0459689E-06,9.0451758E-06,9.0457161E-06,9.0469120E-06,9.0473813E-06,9.0483663E-06,9.0481499E-06,9.0476315E-06,9.0485710E-06,9.0486310E-06,9.0473641E-06,9.0473040E-06,9.0485073E-06,9.0485419E-06,9.0481017E-06,9.0493413E-06,9.0493304E-06,9.0485782E-06,9.0479516E-06,9.0474768E-06,9.0490048E-06,9.0490594E-06,9.0491467E-06,9.0503372E-06,9.0503909E-06,9.0505546E-06,9.0501862E-06
9.0496123E-06,9.0487474E-06,9.0457815E-06,9.0446074E-06,9.0440990E-06,9.0449521E-06,9.0462763E-06,9.0453723E-06,9.0445237E-06,9.0438971E-06,9.0432859E-06,9.0440162E-06,9.0445765E-06,9.0445501E-06,9.0449776E-06,9.0463691E-06,9.0486155E-06,9.0484891E-06,9.0493650E-06,9.0508847E-06,9.0505246E-06,9.0506965E-06,9.0507046E-06,9.0501862E-06,9.0504391E-06,9.0508311E-06,9.0510739E-06,9.0507474E-06,9.0504463E-06,9.0505309E-06,9.0513104E-06,9.0524190E-06,9.0521862E-06,9.0523799E-06,9.0529584E-06,9.0520289E-06
