8.8330271E-06,8.8332827E-06,8.8332881E-06,8.8329498E-06,8.8334955E-06,8.8344486E-06,8.8349298E-06,8.8330807E-06,8.8324596E-06,8.8336146E-06,8.8344141E-06,8.8355264E-06,8.8356110E-06,8.8361248E-06,8.8375045E-06,8.8373017E-06,8.8361285E-06,8.8357201E-06,8.8363595E-06,8.8354063E-06,8.8339666E-06,8.8338729E-06,8.8342876E-06,8.8355555E-06,8.8359247E-06,8.8356837E-06,8.8356255E-06,8.8352981E-06,8.8348897E-06,8.8341885E-06,8.8323177E-06,8.8322413E-06,8.8338356E-06,8.8345732E-06,8.8349661E-06,8.8355709E-06
8.8357983E-06,8.8332608E-06,8.8289316E-06,8.8273164E-06,8.8283177E-06,8.8289498E-06,8.8288052E-06,8.8282532E-06,8.8292381E-06,8.8311162E-06,8.8308707E-06,8.8304323E-06,8.8314728E-06,8.8309780E-06,8.8311453E-06,8.8331790E-06,8.8325287E-06,8.8322977E-06,8.8345614E-06,8.8356874E-06,8.8357719E-06,8.8364286E-06,8.8377910E-06,8.8402485E-06,8.8418974E-06,8.8428060E-06,8.8442948E-06,8.8430688E-06,8.8413144E-06,8.8413226E-06,8.8423976E-06,8.8428042E-06,8.8431834E-06,8.8449033E-06,8.8472152E-06,8.8495881E-06
8.8491770E-06,8.8462530E-06,8.8438519E-06,8.8436873E-06,8.8434945E-06,8.8424213E-06,8.8441702E-06,8.8461766E-06,8.8455490E-06,8.8437764E-06,8.8434499E-06,8.8437246E-06,8.8439228E-06,8.8455918E-06,8.8459574E-06,8.8446741E-06,8.8441038E-06,8.8437482E-06,8.8431243E-06,8.8430697E-06,8.8429233E-06,8.8438064E-06,8.8441238E-06,8.8440292E-06,8.8461384E-06,8.8477500E-06,8.8481092E-06,8.8491533E-06,8.8491788E-06,8.8482384E-06,8.8487859E-06,8.8495008E-06,8.8490860E-06,8.8499401E-06,8.8530878E-06,8.8543638E-06
8.8540019E-06,8.8537654E-06,8.8508359E-06,8.8479082E-06,8.8472398E-06,8.8471943E-06,8.8463739E-06,8.8458692E-06,8.8461948E-06,8.8471243E-06,8.8476145E-06,8.8465531E-06,8.8458519E-06,8.8453653E-06,8.8462475E-06,8.8467013E-06,8.8454781E-06,8.8449515E-06,8.8444913E-06,8.8451325E-06,8.8457837E-06,8.8461911E-06,8.8470088E-06,8.8478773E-06,8.8488650E-06,8.8514198E-06,8.8513161E-06,8.8483712E-06,8.8473198E-06,8.8463548E-06,8.8459910E-06,8.8453753E-06,8.8448814E-06,8.8453935E-06,8.8475035E-06,8.8476527E-06
8.8476318E-06,8.8464794E-06,8.8422403E-06,8.8405277E-06,8.8396200E-06,8.8391562E-06,8.8392808E-06,8.8390634E-06,8.8396091E-06,8.8399038E-06,8.8393390E-06,8.8399238E-06,8.8398983E-06,8.8393344E-06,8.8396064E-06,8.8388315E-06,8.8372462E-06,8.8362867E-06,8.8356010E-06,8.8365996E-06,8.8380020E-06,8.8376555E-06,8.8370680E-06,8.8376282E-06,8.8401366E-06,8.8412380E-06,8.8409997E-06,8.8405986E-06,8.8413071E-06,8.8413262E-06,8.8405441E-06,8.8409197E-06,8.8408324E-06,8.8415882E-06,8.8432844E-06,8.8449860E-06
8.8479483E-06,8.8470224E-06,8.8434945E-06,8.8451852E-06,8.8475417E-06,8.8491424E-06,8.8499455E-06,8.8506167E-06,8.8536044E-06,8.8565685E-06,8.8592224E-06,8.8627967E-06,8.8657853E-06,8.8683664E-06,8.8703318E-06,8.8729885E-06,8.8763963E-06,8.8771403E-06,8.8776942E-06,8.8803054E-06,8.8835313E-06,8.8866363E-06,8.8918623E-06,8.8951965E-06,8.8955940E-06,8.8986098E-06,8.9034956E-06,8.9073028E-06,8.9089408E-06,8.9100640E-06,8.9135701E-06,8.9165460E-06,8.9165533E-06,8.9172081E-06,8.9190507E-06,8.9230016E-06
8.9283185E-06,8.9287923E-06,8.9258337E-06,8.9259483E-06,8.9290343E-06,8.9317145E-06,8.9335572E-06,8.9365030E-06,8.9395553E-06,8.9421683E-06,8.9441164E-06,8.9461346E-06,8.9490040E-06,8.9525229E-06,8.9545847E-06,8.9547757E-06,8.9555324E-06,8.9571049E-06,8.9596588E-06,8.9618379E-06,8.9641489E-06,8.9662499E-06,8.9681498E-06,8.9695222E-06,8.9720952E-06,8.9728128E-06,8.9706227E-06,8.9723317E-06,8.9740133E-06,8.9731366E-06,8.9722844E-06,8.9710902E-06,8.9711084E-06,8.9710293E-06,8.9700679E-06,8.9712967E-06
8.9722707E-06,8.9712494E-06,8.9687264E-06,8.9672740E-06,8.9666082E-06,8.9652694E-06,8.9650675E-06,8.9649056E-06,8.9644518E-06,8.9654222E-06,8.9671539E-06,8.9672885E-06,8.9659961E-06,8.9646319E-06,8.9645064E-06,8.9652312E-06,8.9647692E-06,8.9626719E-06,8.9624418E-06,8.9637069E-06,8.9649466E-06,8.9653740E-06,8.9654522E-06,8.9667073E-06,8.9654522E-06,8.9632085E-06,8.9639088E-06,8.9654268E-06,8.9650266E-06,8.9626874E-06,8.9626537E-06,8.9629857E-06,8.9601644E-06,8.9589312E-06,8.9580362E-06,8.9563173E-06
8.9581617E-06,8.9583718E-06,8.9572159E-06,8.9577461E-06,8.9569949E-06,8.9560872E-06,8.9558598E-06,8.9572559E-06,8.9581745E-06,8.9578143E-06,8.9581781E-06,8.9589275E-06,8.9598607E-06,8.9584037E-06,8.9569285E-06,8.9578498E-06,8.9577870E-06,8.9574787E-06,8.9580935E-06,8.9594114E-06,8.9591012E-06,8.9586074E-06,8.9601781E-06,8.9627938E-06,8.9642535E-06,8.9644573E-06,8.9646437E-06,8.9645273E-06,8.9664090E-06,8.9668756E-06,8.9658852E-06,8.9667819E-06,8.9656451E-06,8.9649675E-06,8.9667146E-06,8.9672158E-06
8.9667437E-06,8.9654104E-06,8.9634459E-06,8.9626819E-06,8.9627019E-06,8.9642108E-06,8.9648920E-06,8.9644736E-06,8.9640480E-06,8.9633731E-06,8.9635714E-06,8.9630048E-06,8.9618761E-06,8.9617997E-06,8.9645337E-06,8.9670639E-06,8.9661498E-06,8.9654513E-06,8.9663426E-06,8.9674932E-06,8.9685864E-06,8.9693412E-06,8.9707701E-06,8.9710984E-06,8.9700152E-06,8.9703171E-06,8.9701971E-06,8.9708055E-06,8.9711666E-06,8.9704908E-06,8.9704363E-06,8.9693412E-06,8.9685473E-06,8.9690602E-06,8.9687146E-06,8.9671384E-06
8.9669202E-06,8.9668219E-06,8.9660807E-06,8.9656996E-06,8.9675595E-06,8.9693467E-06,8.9679252E-06,8.9665918E-06,8.9658806E-06,8.9654877E-06,8.9653977E-06,8.9667028E-06,8.9654577E-06,8.9636333E-06,8.9648765E-06,8.9649820E-06,8.9658597E-06,8.9668529E-06,8.9675595E-06,8.9682107E-06,8.9695504E-06,8.9700561E-06,8.9694431E-06,8.9710875E-06,8.9723144E-06,8.9716714E-06,8.9723171E-06,8.9738187E-06,8.9739769E-06,8.9747700E-06,8.9759642E-06,8.9759205E-06,8.9767927E-06,8.9765772E-06,8.9737878E-06,8.9744153E-06
8.9764717E-06,8.9766745E-06,8.9754667E-06,8.9743880E-06,8.9746700E-06,8.9751566E-06,8.9758359E-06,8.9767427E-06,8.9774930E-06,8.9785672E-06,8.9793893E-06,8.9789100E-06,8.9792729E-06,8.9807263E-06,8.9827872E-06,8.9838522E-06,8.9853065E-06,8.9863815E-06,8.9865080E-06,8.9875903E-06,8.9888526E-06,8.9894620E-06,8.9893492E-06,8.9905288E-06,8.9911973E-06,8.9907371E-06,8.9915447E-06,8.9918740E-06,8.9927416E-06,8.9941313E-06,8.9938039E-06,8.9934783E-06,8.9945370E-06,8.9959913E-06,8.9958285E-06,8.9954165E-06
8.9958576E-06,8.9971791E-06,8.9972591E-06,8.9964351E-06,8.9978193E-06,8.9979239E-06,8.9984014E-06,9.0001886E-06,9.0005851E-06,9.0014546E-06,9.0033627E-06,9.0052908E-06,9.0054427E-06,9.0057883E-06,9.0081103E-06,9.0103103E-06,9.0112508E-06,9.0129861E-06,9.0145941E-06,9.0163448E-06,9.0183094E-06,9.0196963E-06,9.0217654E-06,9.0237281E-06,9.0245894E-06,9.0265557E-06,9.0280946E-06,9.0283529E-06,9.0293852E-06,9.0304138E-06,9.0316380E-06,9.0336980E-06,9.0362082E-06,9.0371495E-06,9.0355579E-06,9.0346029E-06
9.0360627E-06,9.0396297E-06,9.0416706E-06,9.0413741E-06,9.0433068E-06,9.0451349E-06,9.0462299E-06,9.0471876E-06,9.0483936E-06,9.0499334E-06,9.0518770E-06,9.0545427E-06,9.0554067E-06,9.0565873E-06,9.0602880E-06,9.0629846E-06,9.0645844E-06,9.0672329E-06,9.0706771E-06,9.0719213E-06,9.0717613E-06,9.0725525E-06,9.0739468E-06,9.0759677E-06,9.0768126E-06,9.0781041E-06,9.0796993E-06,9.0811709E-06,9.0831172E-06,9.0842677E-06,9.0847725E-06,9.0848453E-06,9.0860394E-06,9.0875210E-06,9.0877038E-06,9.0873218E-06
9.0870089E-06,9.0869762E-06,9.0888134E-06,9.0905678E-06,9.0918183E-06,9.0935418E-06,9.0953808E-06,9.0973053E-06,9.0978965E-06,9.0993271E-06,9.1004013E-06,9.1011398E-06,9.1022412E-06,9.1035281E-06,9.1058519E-06,9.1084776E-06,9.1104712E-06,9.1112743E-06,9.1123920E-06,9.1133952E-06,9.1157817E-06,9.1188731E-06,9.1214706E-06,9.1231559E-06,9.1243091E-06,9.1259981E-06,9.1270176E-06,9.1277716E-06,9.1270103E-06,9.1285201E-06,9.1317506E-06,9.1325437E-06,9.1307847E-06,9.1269258E-06,9.1233387E-06,9.1234224E-06
9.1241327E-06,9.1235570E-06,9.1234397E-06,9.1239699E-06,9.1259908E-06,9.1261563E-06,9.1250940E-06,9.1248721E-06,9.1227966E-06,9.1205766E-06,9.1200809E-06,9.1207648E-06,9.1244110E-06,9.1239781E-06,9.1210768E-06,9.1214524E-06,9.1243755E-06,9.1268512E-06,9.1269676E-06,9.1270731E-06,9.1270940E-06,9.1253159E-06,9.1238662E-06,9.1254997E-06,9.1273287E-06,9.1271413E-06,9.1274542E-06,9.1269749E-06,9.1258307E-06,9.1244810E-06,9.1229185E-06,9.1220108E-06,9.1210022E-06,9.1214588E-06,9.1206903E-06,9.1177690E-06
9.1167194E-06,9.1178235E-06,9.1185911E-06,9.1184165E-06,9.1178335E-06,9.1181673E-06,9.1190950E-06,9.1196343E-06,9.1193742E-06,9.1198535E-06,9.1213160E-06,9.1215661E-06,9.1222955E-06,9.1250395E-06,9.1262409E-06,9.1262891E-06,9.1248594E-06,9.1244292E-06,9.1248994E-06,9.1246620E-06,9.1267284E-06,9.1262436E-06,9.1266302E-06,9.1302936E-06,9.1312004E-06,9.1297361E-06,9.1289748E-06,9.1309675E-06,9.1329903E-06,9.1329521E-06,9.1333595E-06,9.1352831E-06,9.1352495E-06,9.1346383E-06,9.1343199E-06,9.1331503E-06
9.1325464E-06,9.1308311E-06,9.1297361E-06,9.1308875E-06,9.1317734E-06,9.1315478E-06,9.1301254E-06,9.1299053E-06,9.1310449E-06,9.1315187E-06,9.1301945E-06,9.1310248E-06,9.1324637E-06,9.1335951E-06,9.1353022E-06,9.1341135E-06,9.1344809E-06,9.1350284E-06,9.1350830E-06,9.1337370E-06,9.1321945E-06,9.1317252E-06,9.1310330E-06,9.1320435E-06,9.1338397E-06,9.1340762E-06,9.1341617E-06,9.1336642E-06,9.1320035E-06,9.1320753E-06,9.1303755E-06,9.1289812E-06,9.1306747E-06,9.1305937E-06,9.1288512E-06,9.1274205E-06
9.1259708E-06,9.1233014E-06,9.1221436E-06,9.1214615E-06,9.1202264E-06,9.1204602E-06,9.1190441E-06,9.1178490E-06,9.1177117E-06,9.1171987E-06,9.1175598E-06,9.1180718E-06,9.1181309E-06,9.1192869E-06,9.1197071E-06,9.1194724E-06,9.1214297E-06,9.1218671E-06,9.1216179E-06,9.1204592E-06,9.1199172E-06,9.1209849E-06,9.1203410E-06,9.1208831E-06,9.1210686E-06,9.1208521E-06,9.1209895E-06,9.1213305E-06,9.1212114E-06,9.1204984E-06,9.1222373E-06,9.1237225E-06,9.1241991E-06,9.1238471E-06,9.1231359E-06,9.1210768E-06
9.1168240E-06,9.1149841E-06,9.1136526E-06,9.1137708E-06,9.1151669E-06,9.1151605E-06,9.1156226E-06,9.1159836E-06,9.1162592E-06,9.1160928E-06,9.1141783E-06,9.1123247E-06,9.1125057E-06,9.1138727E-06,9.1148668E-06,9.1154252E-06,9.1149259E-06,9.1140910E-06,9.1136108E-06,9.1129677E-06,9.1118136E-06,9.1126312E-06,9.1154934E-06,9.1146912E-06,9.1134534E-06,9.1159418E-06,9.1168677E-06,9.1145594E-06,9.1134580E-06,9.1135635E-06,9.1138454E-06,9.1155107E-06,9.1156553E-06,9.1156598E-06,9.1163465E-06,9.1153788E-06
9.1124439E-06,9.1089878E-06,9.1088468E-06,9.1119800E-06,9.1130996E-06,9.1120237E-06,9.1115016E-06,9.1108977E-06,9.1099009E-06,9.1089078E-06,9.1084912E-06,9.1087504E-06,9.1103311E-06,9.1099255E-06,9.1095990E-06,9.1119464E-06,9.1118454E-06,9.1104048E-06,9.1104184E-06,9.1112342E-06,9.1108823E-06,9.1096963E-06,9.1102693E-06,9.1108222E-06,9.1122001E-06,9.1125057E-06,9.1112915E-06,9.1108795E-06,9.1103884E-06,9.1106312E-06,9.1094625E-06,9.1096772E-06,9.1091260E-06,9.1073762E-06,9.1086977E-06,9.1080556E-06
9.1046859E-06,9.1033571E-06,9.1029224E-06,9.1025540E-06,9.1025604E-06,9.1021830E-06,9.1010033E-06,9.0994790E-06,9.0987942E-06,9.0992098E-06,9.1007860E-06,9.1022230E-06,9.1035708E-06,9.1037964E-06,9.1050033E-06,9.1052097E-06,9.1025859E-06,9.1014017E-06,9.1014699E-06,9.1002776E-06,9.0994299E-06,9.0993199E-06,9.0996082E-06,9.1003603E-06,9.1002321E-06,9.0995500E-06,9.0995545E-06,9.0989533E-06,9.0980302E-06,9.0988897E-06,9.0999156E-06,9.1002630E-06,9.1005941E-06,9.1015618E-06,9.1022775E-06,9.1014745E-06
9.0995718E-06,9.0972753E-06,9.0973981E-06,9.0971307E-06,9.0953372E-06,9.0948979E-06,9.0933991E-06,9.0918274E-06,9.0915955E-06,9.0930653E-06,9.0940712E-06,9.0933026E-06,9.0938629E-06,9.0954327E-06,9.0962512E-06,9.0963849E-06,9.0958802E-06,9.0958047E-06,9.0964631E-06,9.0970952E-06,9.0976882E-06,9.0969752E-06,9.0959029E-06,9.0971080E-06,9.0986732E-06,9.0996591E-06,9.1004640E-06,9.1001375E-06,9.1001193E-06,9.1003121E-06,9.1011889E-06,9.1030806E-06,9.1061147E-06,9.1065021E-06,9.1044949E-06,9.1055399E-06
9.1046195E-06,9.1011670E-06,9.0996773E-06,9.0992389E-06,9.0998774E-06,9.0996446E-06,9.0991562E-06,9.1003412E-06,9.0991762E-06,9.0989815E-06,9.1010888E-06,9.1010834E-06,9.1016163E-06,9.1030797E-06,9.1032853E-06,9.1026850E-06,9.1008615E-06,9.1003321E-06,9.0997300E-06,9.1002485E-06,9.1016182E-06,9.1015645E-06,9.1026541E-06,9.1025213E-06,9.1026568E-06,9.1040101E-06,9.1029906E-06,9.1028578E-06,9.1040574E-06,9.1037054E-06,9.1044494E-06,9.1059564E-06,9.1042930E-06,9.1033926E-06,9.1042366E-06,9.1037045E-06
9.1023476E-06,9.0996209E-06,9.0983494E-06,9.0979438E-06,9.0983694E-06,9.0997173E-06,9.0986796E-06,9.0974308E-06,9.0978046E-06,9.0980620E-06,9.0990889E-06,9.1002048E-06,9.1008942E-06,9.1002612E-06,9.0999056E-06,9.1014999E-06,9.1018883E-06,9.1005013E-06,9.0999401E-06,9.0996182E-06,9.0993271E-06,9.1000702E-06,9.1008560E-06,9.1006304E-06,9.0999574E-06,9.0997055E-06,9.1002739E-06,9.1011680E-06,9.1013426E-06,9.1013535E-06,9.1028605E-06,9.1030542E-06,9.1028205E-06,9.1048769E-06,9.1050933E-06,9.1046786E-06
9.1032471E-06,9.1018737E-06,9.1012343E-06,9.1001330E-06,9.1002148E-06,9.1008669E-06,9.1010088E-06,9.1007796E-06,9.1023367E-06,9.1039128E-06,9.1039164E-06,9.1048087E-06,9.1067131E-06,9.1089450E-06,9.1104921E-06,9.1101410E-06,9.1102484E-06,9.1109941E-06,9.1108041E-06,9.1110187E-06,9.1119082E-06,9.1128777E-06,9.1135198E-06,9.1126603E-06,9.1130214E-06,9.1150669E-06,9.1158317E-06,9.1163174E-06,9.1168358E-06,9.1171405E-06,9.1176635E-06,9.1194797E-06,9.1216798E-06,9.1235643E-06,9.1246138E-06,9.1244710E-06
9.1233269E-06,9.1222373E-06,9.1227057E-06,9.1233678E-06,9.1227030E-06,9.1226739E-06,9.1229431E-06,9.1230031E-06,9.1237562E-06,9.1244274E-06,9.1266620E-06,9.1293841E-06,9.1298971E-06,9.1301426E-06,9.1308575E-06,9.1306119E-06,9.1301872E-06,9.1307729E-06,9.1322381E-06,9.1332813E-06,9.1325464E-06,9.1334441E-06,9.1352831E-06,9.1354295E-06,9.1355650E-06,9.1357333E-06,9.1360698E-06,9.1370066E-06,9.1373276E-06,9.1371512E-06,9.1377369E-06,9.1376214E-06,9.1370230E-06,9.1372940E-06,9.1381935E-06,9.1380816E-06
9.1367356E-06,9.1350685E-06,9.1340280E-06,9.1337315E-06,9.1330512E-06,9.1313514E-06,9.1313877E-06,9.1316078E-06,9.1329894E-06,9.1353177E-06,9.1358224E-06,9.1356369E-06,9.1364836E-06,9.1367892E-06,9.1354113E-06,9.1349057E-06,9.1339334E-06,9.1322390E-06,9.1311786E-06,9.1313950E-06,9.1312186E-06,9.1303837E-06,9.1313041E-06,9.1315242E-06,9.1305737E-06,9.1307811E-06,9.1305665E-06,9.1295360E-06,9.1297143E-06,9.1310831E-06,9.1315724E-06,9.1305874E-06,9.1296724E-06,9.1295869E-06,9.1289339E-06,9.1281900E-06
9.1266638E-06,9.1254560E-06,9.1245683E-06,9.1239754E-06,9.1231423E-06,9.1214679E-06,9.1198599E-06,9.1191196E-06,9.1195661E-06,9.1209977E-06,9.1231523E-06,9.1242264E-06,9.1238471E-06,9.1236525E-06,9.1250613E-06,9.1254933E-06,9.1232505E-06,9.1222464E-06,9.1237180E-06,9.1249603E-06,9.1248085E-06,9.1245820E-06,9.1261572E-06,9.1270185E-06,9.1259098E-06,9.1254715E-06,9.1258689E-06,9.1260335E-06,9.1266147E-06,9.1269385E-06,9.1266529E-06,9.1261081E-06,9.1256725E-06,9.1259799E-06,9.1268284E-06,9.1260154E-06
9.1228421E-06,9.1195898E-06,9.1175570E-06,9.1172506E-06,9.1165011E-06,9.1151987E-06,9.1148795E-06,9.1145857E-06,9.1142992E-06,9.1148486E-06,9.1157381E-06,9.1161000E-06,9.1147403E-06,9.1146567E-06,9.1140937E-06,9.1127649E-06,9.1133170E-06,9.1125539E-06,9.1105785E-06,9.1086304E-06,9.1077936E-06,9.1071806E-06,9.1070224E-06,9.1051843E-06,9.1032807E-06,9.1019738E-06,9.1011298E-06,9.1002103E-06,9.0987705E-06,9.0985013E-06,9.0970634E-06,9.0962076E-06,9.0951589E-06,9.0930725E-06,9.0900667E-06,9.0878757E-06
9.0864842E-06,9.0834237E-06,9.0807871E-06,9.0781532E-06,9.0760041E-06,9.0745307E-06,9.0724261E-06,9.0716276E-06,9.0713929E-06,9.0713911E-06,9.0709873E-06,9.0691356E-06,9.0681642E-06,9.0661515E-06,9.0641788E-06,9.0640378E-06,9.0632375E-06,9.0617023E-06,9.0597323E-06,9.0580916E-06,9.0570584E-06,9.0570211E-06,9.0563235E-06,9.0549574E-06,9.0533886E-06,9.0536887E-06,9.0520180E-06,9.0477652E-06,9.0472085E-06,9.0460071E-06,9.0453013E-06,9.0477797E-06,9.0482608E-06,9.0463609E-06,9.0440808E-06,9.0419753E-06
9.0400335E-06,9.0372669E-06,9.0353706E-06,9.0360181E-06,9.0370740E-06,9.0374187E-06,9.0381536E-06,9.0388967E-06,9.0388603E-06,9.0386047E-06,9.0382591E-06,9.0375915E-06,9.0368640E-06,9.0353478E-06,9.0347921E-06,9.0351368E-06,9.0339627E-06,9.0334079E-06,9.0339063E-06,9.0332705E-06,9.0321810E-06,9.0319099E-06,9.0322173E-06,9.0307340E-06,9.0285330E-06,9.0285994E-06,9.0290832E-06,9.0284548E-06,9.0283183E-06,9.0274298E-06,9.0252579E-06,9.0246021E-06,9.0249769E-06,9.0246131E-06,9.0223948E-06,9.0196108E-06
9.0166741E-06,9.0151652E-06,9.0143785E-06,9.0134326E-06,9.0114972E-06,9.0090070E-06,9.0095464E-06,9.0086733E-06,9.0065878E-06,9.0066651E-06,9.0069352E-06,9.0062604E-06,9.0059966E-06,9.0059793E-06,9.0070389E-06,9.0062003E-06,9.0041531E-06,9.0042977E-06,9.0032063E-06,9.0008707E-06,9.0012618E-06,9.0005760E-06,8.9989871E-06,8.9996947E-06,8.9978366E-06,8.9955110E-06,8.9965033E-06,8.9967234E-06,8.9968144E-06,8.9963923E-06,8.9942487E-06,8.9938039E-06,8.9930581E-06,8.9924524E-06,8.9924797E-06,8.9903051E-06
8.9872610E-06,8.9866544E-06,8.9870782E-06,8.9869800E-06,8.9863097E-06,8.9854584E-06,8.9848881E-06,8.9854502E-06,8.9863815E-06,8.9869218E-06,8.9878431E-06,8.9869663E-06,8.9855275E-06,8.9865862E-06,8.9873465E-06,8.9864616E-06,8.9857167E-06,8.9851246E-06,8.9839441E-06,8.9827054E-06,8.9830773E-06,8.9836249E-06,8.9821960E-06,8.9815348E-06,8.9815057E-06,8.9819614E-06,8.9803971E-06,8.9782225E-06,8.9790319E-06,8.9787500E-06,8.9778359E-06,8.9756040E-06,8.9744071E-06,8.9743753E-06,8.9726964E-06,8.9710384E-06
8.9684927E-06,8.9661107E-06,8.9660707E-06,8.9648711E-06,8.9625892E-06,8.9604709E-06,8.9583045E-06,8.9572568E-06,8.9577898E-06,8.9575142E-06,8.9575924E-06,8.9593122E-06,8.9581372E-06,8.9543646E-06,8.9526156E-06,8.9521136E-06,8.9518999E-06,8.9520199E-06,8.9510377E-06,8.9495888E-06,8.9481427E-06,8.9466648E-06,8.9437835E-06,8.9429786E-06,8.9428695E-06,8.9422483E-06,8.9420819E-06,8.9412897E-06,8.9409659E-06,8.9406185E-06,8.9403848E-06,8.9390942E-06,8.9377399E-06,8.9385185E-06,8.9375499E-06,8.9331233E-06
8.9302384E-06,8.9302284E-06,8.9293371E-06,8.9282848E-06,8.9269833E-06,8.9259447E-06,8.9264222E-06,8.9254609E-06,8.9243203E-06,8.9261148E-06,8.9273508E-06,8.9264740E-06,8.9253708E-06,8.9257883E-06,8.9257373E-06,8.9250152E-06,8.9258156E-06,8.9258428E-06,8.9260147E-06,8.9258283E-06,8.9241012E-06,8.9227597E-06,8.9222613E-06,8.9219093E-06,8.9228806E-06,8.9231753E-06,8.9217974E-06,8.9207542E-06,8.9211435E-06,8.9227869E-06,8.9233590E-06,8.9220766E-06,8.9208333E-06,8.9208688E-06,8.9208179E-06,8.9191053E-06
8.9169689E-06,8.9156647E-06,8.9151281E-06,8.9137666E-06,8.9129071E-06,8.9140185E-06,8.9136211E-06,8.9128443E-06,8.9133218E-06,8.9144942E-06,8.9161494E-06,8.9160185E-06,8.9144623E-06,8.9130608E-06,8.9126224E-06,8.9135055E-06,8.9133782E-06,8.9140385E-06,8.9143778E-06,8.9141977E-06,8.9146306E-06,8.9140649E-06,8.9139175E-06,8.9135301E-06,8.9138830E-06,8.9146342E-06,8.9152272E-06,8.9156483E-06,8.9157529E-06,8.9155146E-06,8.9165023E-06,8.9184987E-06,8.9181240E-06,8.9177111E-06,8.9164196E-06,8.9148034E-06
8.9141749E-06,8.9123441E-06,8.9122714E-06,8.9131090E-06,8.9129799E-06,8.9113873E-06,8.9108535E-06,8.9117875E-06,8.9127379E-06,8.9134564E-06,8.9137702E-06,8.9146570E-06,8.9156110E-06,8.9161958E-06,8.9151827E-06,8.9142313E-06,8.9142195E-06,8.9149262E-06,8.9164032E-06,8.9159585E-06,8.9153291E-06,8.9165851E-06,8.9164314E-06,8.9149935E-06,8.9141431E-06,8.9140303E-06,8.9148289E-06,8.9161604E-06,8.9174628E-06,8.9174200E-06,8.9175273E-06,8.9178748E-06,8.9167306E-06,8.9164232E-06,8.9162486E-06,8.9154601E-06
8.9139548E-06,8.9133864E-06,8.9146442E-06,8.9146806E-06,8.9146051E-06,8.9163250E-06,8.9169453E-06,8.9171608E-06,8.9213363E-06,8.9240502E-06,8.9234491E-06,8.9228561E-06,8.9233226E-06,8.9233554E-06,8.9224504E-06,8.9228151E-06,8.9226232E-06,8.9220084E-06,8.9218929E-06,8.9224031E-06,8.9242449E-06,8.9262339E-06,8.9264422E-06,8.9268797E-06,8.9288014E-06,8.9307268E-06,8.9321638E-06,8.9335535E-06,8.9330042E-06,8.9336581E-06,8.9363448E-06,8.9387777E-06,8.9414298E-06,8.9427167E-06,8.9422720E-06,8.9422820E-06
8.9429795E-06,8.9428686E-06,8.9434570E-06,8.9450405E-06,8.9462392E-06,8.9478926E-06,8.9508267E-06,8.9539289E-06,8.9559926E-06,8.9573277E-06,8.9605292E-06,8.9626146E-06,8.9636815E-06,8.9664327E-06,8.9677615E-06,8.9689647E-06,8.9704263E-06,8.9697933E-06,8.9706036E-06,8.9733094E-06,8.9754840E-06,8.9766290E-06,8.9771838E-06,8.9780588E-06,8.9786890E-06,8.9813766E-06,8.9838531E-06,8.9847108E-06,8.9858622E-06,8.9861141E-06,8.9864397E-06,8.9869236E-06,8.9858977E-06,8.9849018E-06,8.9842770E-06,8.9825944E-06
8.9824807E-06,8.9827699E-06,8.9825098E-06,8.9816895E-06,8.9811065E-06,8.9805126E-06,8.9803498E-06,8.9822161E-06,8.9837331E-06,8.9847026E-06,8.9845544E-06,8.9848427E-06,8.9872083E-06,8.9879131E-06,8.9866426E-06,8.9867217E-06,8.9867935E-06,8.9858622E-06,8.9864570E-06,8.9870909E-06,8.9871146E-06,8.9873438E-06,8.9866344E-06,8.9863715E-06,8.9869236E-06,8.9869072E-06,8.9864097E-06,8.9869773E-06,8.9872910E-06,8.9857385E-06,8.9843470E-06,8.9833393E-06,8.9825698E-06,8.9824789E-06,8.9805953E-06,8.9792575E-06
8.9798650E-06,8.9792084E-06,8.9776113E-06,8.9772520E-06,8.9769146E-06,8.9753657E-06,8.9745436E-06,8.9745563E-06,8.9757996E-06,8.9778032E-06,8.9787381E-06,8.9779432E-06,8.9773403E-06,8.9786563E-06,8.9799932E-06,8.9807354E-06,8.9806454E-06,8.9789819E-06,8.9789537E-06,8.9793903E-06,8.9781370E-06,8.9791902E-06,8.9800860E-06,8.9795294E-06,8.9793148E-06,8.9800751E-06,8.9812756E-06,8.9829027E-06,8.9839887E-06,8.9841405E-06,8.9843843E-06,8.9843561E-06,8.9843006E-06,8.9840723E-06,8.9839350E-06,8.9822206E-06
8.9810037E-06,8.9799123E-06,8.9787472E-06,8.9791465E-06,8.9790328E-06,8.9795076E-06,8.9799068E-06,8.9811474E-06,8.9823497E-06,8.9831583E-06,8.9852147E-06,8.9856403E-06,8.9857313E-06,8.9865598E-06,8.9865698E-06,8.9874647E-06,8.9882333E-06,8.9883160E-06,8.9886762E-06,8.9899422E-06,8.9900877E-06,8.9890573E-06,8.9897867E-06,8.9902178E-06,8.9914256E-06,8.9939240E-06,8.9942987E-06,8.9942641E-06,8.9950299E-06,8.9946343E-06,8.9959303E-06,8.9970808E-06,8.9976738E-06,8.9984933E-06,8.9960995E-06,8.9951754E-06
8.9951691E-06,8.9946525E-06,8.9951400E-06,8.9936093E-06,8.9937312E-06,8.9954274E-06,8.9962514E-06,8.9976675E-06,8.9985533E-06,8.9997557E-06,9.0010872E-06,9.0015001E-06,9.0015919E-06,9.0022140E-06,9.0029534E-06,9.0033109E-06,9.0047188E-06,9.0053500E-06,9.0046551E-06,9.0055755E-06,9.0067278E-06,9.0066105E-06,9.0073945E-06,9.0091917E-06,9.0096410E-06,9.0094700E-06,9.0104831E-06,9.0114472E-06,9.0118492E-06,9.0126214E-06,9.0141957E-06,9.0153835E-06,9.0156363E-06,9.0140902E-06,9.0119311E-06,9.0102849E-06
9.0097519E-06,9.0082985E-06,9.0071244E-06,9.0084713E-06,9.0082003E-06,9.0081421E-06,9.0093763E-06,9.0102312E-06,9.0107787E-06,9.0110479E-06,9.0104922E-06,9.0104122E-06,9.0108024E-06,9.0107314E-06,9.0110625E-06,9.0114536E-06,9.0111353E-06,9.0105077E-06,9.0103967E-06,9.0096400E-06,9.0098711E-06,9.0113217E-06,9.0115018E-06,9.0118201E-06,9.0124331E-06,9.0121248E-06,9.0120075E-06,9.0109825E-06,9.0089097E-06,9.0080693E-06,9.0082567E-06,9.0081648E-06,9.0086796E-06,9.0076010E-06,9.0057611E-06,9.0038202E-06
9.0028898E-06,9.0028516E-06,9.0024587E-06,9.0021158E-06,9.0017647E-06,9.0033991E-06,9.0040403E-06,9.0028316E-06,9.0040339E-06,9.0062167E-06,9.0060594E-06,9.0066960E-06,9.0080748E-06,9.0081166E-06,9.0099265E-06,9.0112435E-06,9.0102776E-06,9.0108197E-06,9.0130597E-06,9.0147469E-06,9.0149342E-06,9.0158965E-06,9.0169051E-06,9.0184812E-06,9.0205685E-06,9.0211324E-06,9.0212416E-06,9.0222620E-06,9.0240028E-06,9.0255307E-06,9.0275944E-06,9.0299300E-06,9.0304711E-06,9.0291915E-06,9.0273024E-06,9.0277081E-06
9.0296780E-06,9.0301401E-06,9.0300318E-06,9.0308358E-06,9.0322392E-06,9.0331196E-06,9.0333178E-06,9.0354069E-06,9.0377971E-06,9.0385083E-06,9.0405410E-06,9.0417234E-06,9.0422845E-06,9.0435078E-06,9.0438707E-06,9.0444955E-06,9.0449948E-06,9.0453741E-06,9.0465310E-06,9.0468866E-06,9.0485628E-06,9.0508083E-06,9.0510057E-06,9.0504527E-06,9.0499452E-06,9.0505746E-06,9.0519943E-06,9.0535841E-06,9.0545782E-06,9.0551284E-06,9.0555341E-06,9.0564736E-06,9.0562598E-06,9.0548165E-06,9.0523745E-06,9.0502908E-06
9.0511367E-06,9.0527501E-06,9.0519243E-06,9.0498743E-06,9.0489293E-06,9.0498206E-06,9.0518915E-06,9.0534859E-06,9.0541707E-06,9.0536077E-06,9.0529402E-06,9.0525473E-06,9.0522963E-06,9.0517669E-06,9.0521808E-06,9.0532376E-06,9.0537551E-06,9.0543390E-06,9.0546928E-06,9.0546528E-06,9.0555468E-06,9.0564472E-06,9.0571402E-06,9.0580106E-06,9.0600088E-06,9.0618350E-06,9.0630383E-06,9.0659969E-06,9.0669164E-06,9.0660187E-06,9.0656904E-06,9.0649846E-06,9.0643407E-06,9.0625426E-06,9.0593712E-06,9.0572394E-06
9.0573903E-06,9.0568947E-06,9.0567519E-06,9.0568019E-06,9.0577259E-06,9.0599769E-06,9.0615067E-06,9.0638687E-06,9.0656740E-06,9.0665017E-06,9.0680214E-06,9.0690182E-06,9.0688491E-06,9.0701787E-06,9.0709500E-06,9.0699223E-06,9.0681133E-06,9.0676576E-06,9.0692820E-06,9.0701433E-06,9.0693866E-06,9.0698086E-06,9.0705116E-06,9.0698395E-06,9.0701615E-06,9.0695903E-06,9.0693575E-06,9.0705835E-06,9.0697677E-06,9.0694421E-06,9.0695439E-06,9.0690719E-06,9.0689600E-06,9.0659832E-06,9.0626572E-06,9.0627209E-06
9.0643361E-06,9.0642925E-06,9.0616149E-06,9.0599933E-06,9.0595167E-06,9.0585236E-06,9.0581625E-06,9.0573794E-06,9.0559943E-06,9.0546928E-06,9.0525664E-06,9.0511949E-06,9.0527774E-06,9.0537997E-06,9.0542908E-06,9.0560643E-06,9.0552130E-06,9.0523899E-06,9.0507092E-06,9.0489693E-06,9.0476305E-06,9.0467238E-06,9.0450940E-06,9.0454332E-06,9.0467720E-06,9.0469502E-06,9.0472113E-06,9.0486665E-06,9.0506091E-06,9.0508420E-06,9.0502854E-06,9.0509775E-06,9.0497451E-06,9.0470121E-06,9.0452813E-06,9.0445383E-06
9.0443964E-06,9.0431804E-06,9.0424446E-06,9.0417925E-06,9.0414060E-06,9.0425874E-06,9.0442782E-06,9.0450467E-06,9.0443191E-06,9.0429366E-06,9.0429557E-06,9.0439817E-06,9.0432895E-06,9.0413778E-06,9.0406420E-06,9.0408448E-06,9.0399162E-06,9.0391086E-06,9.0399981E-06,9.0410076E-06,9.0417470E-06,9.0406520E-06,9.0387566E-06,9.0376279E-06,9.0379508E-06,9.0391859E-06,9.0391832E-06,9.0392750E-06,9.0394606E-06,9.0403782E-06,9.0405665E-06,9.0396425E-06,9.0376679E-06,9.0356161E-06,9.0354397E-06,9.0362464E-06
9.0365647E-06,9.0349331E-06,9.0346966E-06,9.0353578E-06,9.0352305E-06,9.0358862E-06,9.0361727E-06,9.0366502E-06,9.0379663E-06,9.0385120E-06,9.0385583E-06,9.0390431E-06,9.0393860E-06,9.0402291E-06,9.0411086E-06,9.0420626E-06,9.0405056E-06,9.0402800E-06,9.0421472E-06,9.0418925E-06,9.0425046E-06,9.0436488E-06,9.0441463E-06,9.0447047E-06,9.0467156E-06,9.0470176E-06,9.0456770E-06,9.0463409E-06,9.0470430E-06,9.0470021E-06,9.0475332E-06,9.0479243E-06,9.0480216E-06,9.0466128E-06,9.0452240E-06,9.0469666E-06
9.0493313E-06,9.0490275E-06,9.0464218E-06,9.0453022E-06,9.0462427E-06,9.0470212E-06,9.0481499E-06,9.0498916E-06,9.0508038E-06,9.0514704E-06,9.0512931E-06,9.0516505E-06,9.0531530E-06,9.0540097E-06,9.0538351E-06,9.0546209E-06,9.0566564E-06,9.0561834E-06,9.0557078E-06,9.0561170E-06,9.0571793E-06,9.0571266E-06,9.0574667E-06,9.0589374E-06,9.0593239E-06,9.0607464E-06,9.0608946E-06,9.0608792E-06,9.0616832E-06,9.0622325E-06,9.0630656E-06,9.0631802E-06,9.0609965E-06,9.0582616E-06,9.0588264E-06,9.0606354E-06
9.0622907E-06,9.0614330E-06,9.0579879E-06,9.0560834E-06,9.0568110E-06,9.0582898E-06,9.0584954E-06,9.0584963E-06,9.0575095E-06,9.0591684E-06,9.0610765E-06,9.0603189E-06,9.0607245E-06,9.0611620E-06,9.0619524E-06,9.0627291E-06,9.0617395E-06,9.0608291E-06,9.0604726E-06,9.0612839E-06,9.0631656E-06,9.0645135E-06,9.0648800E-06,9.0637332E-06,9.0644362E-06,9.0655012E-06,9.0659214E-06,9.0665990E-06,9.0652347E-06,9.0637250E-06,9.0643916E-06,9.0647663E-06,9.0630137E-06,9.0614167E-06,9.0618541E-06,9.0617523E-06
9.0615185E-06,9.0618432E-06,9.0610247E-06,9.0593585E-06,9.0586445E-06,9.0581561E-06,9.0579115E-06,9.0592239E-06,9.0598323E-06,9.0604662E-06,9.0607609E-06,9.0608819E-06,9.0620451E-06,9.0629028E-06,9.0621679E-06,9.0601607E-06,9.0588264E-06,9.0583726E-06,9.0587273E-06,9.0604408E-06,9.0611811E-06,9.0606609E-06,9.0601425E-06,9.0591975E-06,9.0580688E-06,9.0571793E-06,9.0579351E-06,9.0587346E-06,9.0579579E-06,9.0560461E-06,9.0538824E-06,9.0546064E-06,9.0542126E-06,9.0516314E-06,9.0505973E-06,9.0507619E-06
9.0515641E-06,9.0505837E-06,9.0488338E-06,9.0474587E-06,9.0461308E-06,9.0464637E-06,9.0462772E-06,9.0450330E-06,9.0464582E-06,9.0469912E-06,9.0470248E-06,9.0490803E-06,9.0483982E-06,9.0479207E-06,9.0489502E-06,9.0495632E-06,9.0501271E-06,9.0515814E-06,9.0521544E-06,9.0527601E-06,9.0546637E-06,9.0543490E-06,9.0528147E-06,9.0506965E-06,9.0506292E-06,9.0524409E-06,9.0539579E-06,9.0563799E-06,9.0593630E-06,9.0613466E-06,9.0629055E-06,9.0647154E-06,9.0661024E-06,9.0668436E-06,9.0683288E-06,9.0719541E-06
9.0760323E-06,9.0786125E-06,9.0776857E-06,9.0775256E-06,9.0788189E-06,9.0803296E-06,9.0826097E-06,9.0853009E-06,9.0894509E-06,9.0903104E-06,9.0919202E-06,9.0944777E-06,9.0945068E-06,9.0957510E-06,9.0994790E-06,9.1017282E-06,9.1022057E-06,9.1039383E-06,9.1062602E-06,9.1095853E-06,9.1107067E-06,9.1119255E-06,9.1152815E-06,9.1191414E-06,9.1210913E-06,9.1210450E-06,9.1220345E-06,9.1233460E-06,9.1238880E-06,9.1245783E-06,9.1229922E-06,9.1221773E-06,9.1240627E-06,9.1249421E-06,9.1268230E-06,9.1296706E-06
9.1319507E-06,9.1304300E-06,9.1281117E-06,9.1285283E-06,9.1289248E-06,9.1302309E-06,9.1313605E-06,9.1313423E-06,9.1315142E-06,9.1324618E-06,9.1343654E-06,9.1367083E-06,9.1375914E-06,9.1370111E-06,9.1381898E-06,9.1386582E-06,9.1385109E-06,9.1380934E-06,9.1370157E-06,9.1369648E-06,9.1370111E-06,9.1387519E-06,9.1407528E-06,9.1413322E-06,9.1421725E-06,9.1423271E-06,9.1423153E-06,9.1427755E-06,9.1424545E-06,9.1417523E-06,9.1416377E-06,9.1413203E-06,9.1400543E-06,9.1401498E-06,9.1398651E-06,9.1387537E-06
9.1387146E-06,9.1389365E-06,9.1379161E-06,9.1377833E-06,9.1379825E-06,9.1370048E-06,9.1374950E-06,9.1373549E-06,9.1379288E-06,9.1394286E-06,9.1404318E-06,9.1399834E-06,9.1392440E-06,9.1432203E-06,9.1445800E-06,9.1421216E-06,9.1413231E-06,9.1408319E-06,9.1414831E-06,9.1442635E-06,9.1468755E-06,9.1463571E-06,9.1459115E-06,9.1473994E-06,9.1465290E-06,9.1460470E-06,9.1480033E-06,9.1491811E-06,9.1498723E-06,9.1492311E-06,9.1498459E-06,9.1511793E-06,9.1517904E-06,9.1523025E-06,9.1528091E-06,9.1553293E-06
9.1576276E-06,9.1584889E-06,9.1580187E-06,9.1567599E-06,9.1567681E-06,9.1575293E-06,9.1580814E-06,9.1597230E-06,9.1620250E-06,9.1630509E-06,9.1629636E-06,9.1632437E-06,9.1645052E-06,9.1669772E-06,9.1690981E-06,9.1710744E-06,9.1735192E-06,9.1742331E-06,9.1738784E-06,9.1734855E-06,9.1751390E-06,9.1756265E-06,9.1755683E-06,9.1765778E-06,9.1770244E-06,9.1790180E-06,9.1803022E-06,9.1801121E-06,9.1803740E-06,9.1811662E-06,9.1829188E-06,9.1846368E-06,9.1850215E-06,9.1857883E-06,9.1861011E-06,9.1881884E-06
9.1898555E-06,9.1888296E-06,9.1887123E-06,9.1877609E-06,9.1878428E-06,9.1884503E-06,9.1880865E-06,9.1886532E-06,9.1898928E-06,9.1919310E-06,9.1933416E-06,9.1927859E-06,9.1933034E-06,9.1947659E-06,9.1956426E-06,9.1966704E-06,9.1976690E-06,9.1992060E-06,9.1995198E-06,9.1987222E-06,9.1988422E-06,9.1992015E-06,9.2002156E-06,9.2004038E-06,9.2010669E-06,9.2019645E-06,9.2016426E-06,9.2026694E-06,9.2030314E-06,9.2026812E-06,9.2027312E-06,9.2028540E-06,9.2043965E-06,9.2055052E-06,9.2062428E-06,9.2057999E-06
9.2049722E-06,9.2051732E-06,9.2036680E-06,9.2020227E-06,9.2025666E-06,9.2039072E-06,9.2047476E-06,9.2050232E-06,9.2054433E-06,9.2065356E-06,9.2070795E-06,9.2068221E-06,9.2067739E-06,9.2070459E-06,9.2071605E-06,9.2086830E-06,9.2098244E-06,9.2097453E-06,9.2108548E-06,9.2121891E-06,9.2118444E-06,9.2117225E-06,9.2124783E-06,9.2136797E-06,9.2140754E-06,9.2128621E-06,9.2127357E-06,9.2130649E-06,9.2123128E-06,9.2126684E-06,9.2138562E-06,9.2149912E-06,9.2149094E-06,9.2143855E-06,9.2157788E-06,9.2153514E-06
9.2144382E-06,9.2138052E-06,9.2126038E-06,9.2124119E-06,9.2127721E-06,9.2134496E-06,9.2143164E-06,9.2152313E-06,9.2166301E-06,9.2174978E-06,9.2170940E-06,9.2184373E-06,9.2182045E-06,9.2176479E-06,9.2184346E-06,9.2182190E-06,9.2188211E-06,9.2199689E-06,9.2199361E-06,9.2199152E-06,9.2209575E-06,9.2212676E-06,9.2214614E-06,9.2204473E-06,9.2195387E-06,9.2203736E-06,9.2208120E-06,9.2194186E-06,9.2186110E-06,9.2187302E-06,9.2183891E-06,9.2196333E-06,9.2195451E-06,9.2187565E-06,9.2178461E-06,9.2168202E-06
9.2172213E-06,9.2148166E-06,9.2126902E-06,9.2128466E-06,9.2111395E-06,9.2096770E-06,9.2102982E-06,9.2099290E-06,9.2069331E-06,9.2054006E-06,9.2053951E-06,9.2038454E-06,9.2023965E-06,9.2030004E-06,9.2032278E-06,9.2013206E-06,9.1996953E-06,9.1986267E-06,9.1978100E-06,9.1964812E-06,9.1950660E-06,9.1938264E-06,9.1912307E-06,9.1896645E-06,9.1881120E-06,9.1852744E-06,9.1834918E-06,9.1813299E-06,9.1791117E-06,9.1769907E-06,9.1747079E-06,9.1728043E-06,9.1717584E-06,9.1709553E-06,9.1675674E-06,9.1646889E-06
