8.9537780E-06,8.9531204E-06,8.9535351E-06,8.9534278E-06,8.9521382E-06,8.9540090E-06,8.9559489E-06,8.9566956E-06,8.9569412E-06,8.9571222E-06,8.9569676E-06,8.9566629E-06,8.9575724E-06,8.9595460E-06,8.9610485E-06,8.9611458E-06,8.9614205E-06,8.9626337E-06,8.9639689E-06,8.9635132E-06,8.9635414E-06,8.9643363E-06,8.9648884E-06,8.9649384E-06,8.9641098E-06,8.9638424E-06,8.9627492E-06,8.9624218E-06,8.9638406E-06,8.9630603E-06,8.9609784E-06,8.9604537E-06,8.9617351E-06,8.9623863E-06,8.9623836E-06,8.9622199E-06
8.9622790E-06,8.9616196E-06,8.9579607E-06,8.9554051E-06,8.9531641E-06,8.9520245E-06,8.9516325E-06,8.9500372E-06,8.9501082E-06,8.9512714E-06,8.9516898E-06,8.9497926E-06,8.9463856E-06,8.9464547E-06,8.9482819E-06,8.9484029E-06,8.9463101E-06,8.9432351E-06,8.9430196E-06,8.9433597E-06,8.9415234E-06,8.9413215E-06,8.9421110E-06,8.9422083E-06,8.9428468E-06,8.9428604E-06,8.9414607E-06,8.9407949E-06,8.9423784E-06,8.9414907E-06,8.9389478E-06,8.9389241E-06,8.9397245E-06,8.9417917E-06,8.9439181E-06,8.9437990E-06
8.9439636E-06,8.9448531E-06,8.9421064E-06,8.9404984E-06,8.9421692E-06,8.9427767E-06,8.9431869E-06,8.9429286E-06,8.9427986E-06,8.9435671E-06,8.9461891E-06,8.9474870E-06,8.9477444E-06,8.9492560E-06,8.9488876E-06,8.9467730E-06,8.9464456E-06,8.9477980E-06,8.9497835E-06,8.9499599E-06,8.9492451E-06,8.9510331E-06,8.9540790E-06,8.9577488E-06,8.9598607E-06,8.9617815E-06,8.9632240E-06,8.9618288E-06,8.9609912E-06,8.9628102E-06,8.9635523E-06,8.9629357E-06,8.9628438E-06,8.9613804E-06,8.9612558E-06,8.9626246E-06
8.9643845E-06,8.9635914E-06,8.9602054E-06,8.9608839E-06,8.9632240E-06,8.9643709E-06,8.9673213E-06,8.9691430E-06,8.9674477E-06,8.9663463E-06,8.9672831E-06,8.9671539E-06,8.9679643E-06,8.9694104E-06,8.9695486E-06,8.9699170E-06,8.9693904E-06,8.9679115E-06,8.9653095E-06,8.9621644E-06,8.9618161E-06,8.9634832E-06,8.9638806E-06,8.9652194E-06,8.9667283E-06,8.9649966E-06,8.9631212E-06,8.9618870E-06,8.9597079E-06,8.9565874E-06,8.9533314E-06,8.9518944E-06,8.9505647E-06,8.9484729E-06,8.9479236E-06,8.9488240E-06
8.9486602E-06,8.9444957E-06,8.9412460E-06,8.9406685E-06,8.9407931E-06,8.9436880E-06,8.9452369E-06,8.9443729E-06,8.9444993E-06,8.9438909E-06,8.9427040E-06,8.9426876E-06,8.9426567E-06,8.9432360E-06,8.9429359E-06,8.9408586E-06,8.9381447E-06,8.9366031E-06,8.9357036E-06,8.9349141E-06,8.9355835E-06,8.9354971E-06,8.9363821E-06,8.9379591E-06,8.9383084E-06,8.9389732E-06,8.9372515E-06,8.9364603E-06,8.9359783E-06,8.9335617E-06,8.9319001E-06,8.9293762E-06,8.9272826E-06,8.9277419E-06,8.9294881E-06,8.9292862E-06
8.9283385E-06,8.9270352E-06,8.9217319E-06,8.9189352E-06,8.9194036E-06,8.9203604E-06,8.9212162E-06,8.9215055E-06,8.9221930E-06,8.9204504E-06,8.9200566E-06,8.9217374E-06,8.9219420E-06,8.9213972E-06,8.9217092E-06,8.9221730E-06,8.9234900E-06,8.9246641E-06,8.9250761E-06,8.9264467E-06,8.9275636E-06,8.9271707E-06,8.9257082E-06,8.9248006E-06,8.9249443E-06,8.9248833E-06,8.9234845E-06,8.9228297E-06,8.9227897E-06,8.9204068E-06,8.9180639E-06,8.9150071E-06,8.9114810E-06,8.9097566E-06,8.9099585E-06,8.9092409E-06
8.9068235E-06,8.9039750E-06,8.9015411E-06,8.8999341E-06,8.8981505E-06,8.8952493E-06,8.8925826E-06,8.8910510E-06,8.8883180E-06,8.8863662E-06,8.8841643E-06,8.8815323E-06,8.8798679E-06,8.8788356E-06,8.8779461E-06,8.8756342E-06,8.8723455E-06,8.8701736E-06,8.8689367E-06,8.8676516E-06,8.8663482E-06,8.8632951E-06,8.8611378E-06,8.8619954E-06,8.8614042E-06,8.8589122E-06,8.8568868E-06,8.8555871E-06,8.8540455E-06,8.8540946E-06,8.8529478E-06,8.8498054E-06,8.8479901E-06,8.8464531E-06,8.8468150E-06,8.8479192E-06
8.8486131E-06,8.8468651E-06,8.8424404E-06,8.8406641E-06,8.8403703E-06,8.8396346E-06,8.8397955E-06,8.8392608E-06,8.8383886E-06,8.8382367E-06,8.8397546E-06,8.8391862E-06,8.8366287E-06,8.8362185E-06,8.8361685E-06,8.8363931E-06,8.8355709E-06,8.8357601E-06,8.8371125E-06,8.8380257E-06,8.8390007E-06,8.8391762E-06,8.8381594E-06,8.8380184E-06,8.8374209E-06,8.8365414E-06,8.8377719E-06,8.8384268E-06,8.8379147E-06,8.8387078E-06,8.8389925E-06,8.8376555E-06,8.8378338E-06,8.8370571E-06,8.8364068E-06,8.8372553E-06
8.8386396E-06,8.8376664E-06,8.8351280E-06,8.8353772E-06,8.8360211E-06,8.8357756E-06,8.8368315E-06,8.8383049E-06,8.8384932E-06,8.8383122E-06,8.8400684E-06,8.8417328E-06,8.8421966E-06,8.8430406E-06,8.8434363E-06,8.8435363E-06,8.8448187E-06,8.8467887E-06,8.8475108E-06,8.8491170E-06,8.8520337E-06,8.8532033E-06,8.8546858E-06,8.8572287E-06,8.8595052E-06,8.8599527E-06,8.8603956E-06,8.8628212E-06,8.8640845E-06,8.8645393E-06,8.8649685E-06,8.8660308E-06,8.8656116E-06,8.8641063E-06,8.8644956E-06,8.8657707E-06
8.8680726E-06,8.8688384E-06,8.8677207E-06,8.8687711E-06,8.8698462E-06,8.8698389E-06,8.8699462E-06,8.8697770E-06,8.8695951E-06,8.8688757E-06,8.8671386E-06,8.8657034E-06,8.8650295E-06,8.8647939E-06,8.8638044E-06,8.8618690E-06,8.8617071E-06,8.8616134E-06,8.8605529E-06,8.8608085E-06,8.8605166E-06,8.8593833E-06,8.8589495E-06,8.8580509E-06,8.8560246E-06,8.8539282E-06,8.8525503E-06,8.8509905E-06,8.8498737E-06,8.8482166E-06,8.8467050E-06,8.8458173E-06,8.8435881E-06,8.8414463E-06,8.8386623E-06,8.8369734E-06
8.8364850E-06,8.8356928E-06,8.8350953E-06,8.8333591E-06,8.8312972E-06,8.8310417E-06,8.8319939E-06,8.8321085E-06,8.8315137E-06,8.8304687E-06,8.8290853E-06,8.8276220E-06,8.8272163E-06,8.8265097E-06,8.8262668E-06,8.8274792E-06,8.8266570E-06,8.8261404E-06,8.8271336E-06,8.8267716E-06,8.8260740E-06,8.8257975E-06,8.8251263E-06,8.8247280E-06,8.8245388E-06,8.8253528E-06,8.8255665E-06,8.8248853E-06,8.8245451E-06,8.8236784E-06,8.8236156E-06,8.8238166E-06,8.8227780E-06,8.8216666E-06,8.8198585E-06,8.8183206E-06
8.8179540E-06,8.8164106E-06,8.8144607E-06,8.8141105E-06,8.8151401E-06,8.8151028E-06,8.8144079E-06,8.8148299E-06,8.8129445E-06,8.8115739E-06,8.8118495E-06,8.8125689E-06,8.8125271E-06,8.8114193E-06,8.8116858E-06,8.8108627E-06,8.8123716E-06,8.8133411E-06,8.8115039E-06,8.8107517E-06,8.8096849E-06,8.8091310E-06,8.8084889E-06,8.8071965E-06,8.8073411E-06,8.8083625E-06,8.8088918E-06,8.8086290E-06,8.8086135E-06,8.8084471E-06,8.8075176E-06,8.8055003E-06,8.8035158E-06,8.8028819E-06,8.8017123E-06,8.8007682E-06
8.8002580E-06,8.7987391E-06,8.7985290E-06,8.7994522E-06,8.8008137E-06,8.8010402E-06,8.8009374E-06,8.8020115E-06,8.8018996E-06,8.8018296E-06,8.8023480E-06,8.8008710E-06,8.7993540E-06,8.7998442E-06,8.8003589E-06,8.8013467E-06,8.8012994E-06,8.7998687E-06,8.7995095E-06,8.7998342E-06,8.7999242E-06,8.7993767E-06,8.8005408E-06,8.8023326E-06,8.8015195E-06,8.8003962E-06,8.8004081E-06,8.8003499E-06,8.7992867E-06,8.7995177E-06,8.8004863E-06,8.8003144E-06,8.7989947E-06,8.7978515E-06,8.7980998E-06,8.7974731E-06
8.7954422E-06,8.7941198E-06,8.7933840E-06,8.7926646E-06,8.7929038E-06,8.7936069E-06,8.7929056E-06,8.7930803E-06,8.7941853E-06,8.7942681E-06,8.7943090E-06,8.7936933E-06,8.7931921E-06,8.7929584E-06,8.7927474E-06,8.7937278E-06,8.7939325E-06,8.7930675E-06,8.7946473E-06,8.7962890E-06,8.7971330E-06,8.7980552E-06,8.7975886E-06,8.7959524E-06,8.7939397E-06,8.7935605E-06,8.7956523E-06,8.7977187E-06,8.7981598E-06,8.7980206E-06,8.7978860E-06,8.7985691E-06,8.7989720E-06,8.7978560E-06,8.7966437E-06,8.7952430E-06
8.7945973E-06,8.7940289E-06,8.7921899E-06,8.7923418E-06,8.7925864E-06,8.7919461E-06,8.7914914E-06,8.7908857E-06,8.7901908E-06,8.7883463E-06,8.7872577E-06,8.7861272E-06,8.7860853E-06,8.7874869E-06,8.7889830E-06,8.7896597E-06,8.7891849E-06,8.7900898E-06,8.7901471E-06,8.7890557E-06,8.7880335E-06,8.7880398E-06,8.7906874E-06,8.7917051E-06,8.7910239E-06,8.7909912E-06,8.7903181E-06,8.7903027E-06,8.7908365E-06,8.7906346E-06,8.7893313E-06,8.7886237E-06,8.7892313E-06,8.7889857E-06,8.7879434E-06,8.7868839E-06
8.7856188E-06,8.7850640E-06,8.7840199E-06,8.7835142E-06,8.7839808E-06,8.7830585E-06,8.7819553E-06,8.7811231E-06,8.7798708E-06,8.7789313E-06,8.7803855E-06,8.7828193E-06,8.7839899E-06,8.7864919E-06,8.7870731E-06,8.7851231E-06,8.7863355E-06,8.7878070E-06,8.7869066E-06,8.7868657E-06,8.7876087E-06,8.7879935E-06,8.7887674E-06,8.7893668E-06,8.7892404E-06,8.7892422E-06,8.7900698E-06,8.7909611E-06,8.7897642E-06,8.7891503E-06,8.7894141E-06,8.7888875E-06,8.7888047E-06,8.7898352E-06,8.7902745E-06,8.7883527E-06
8.7853941E-06,8.7851631E-06,8.7860108E-06,8.7841736E-06,8.7838134E-06,8.7851804E-06,8.7855396E-06,8.7842118E-06,8.7833241E-06,8.7845319E-06,8.7859780E-06,8.7867747E-06,8.7890039E-06,8.7897588E-06,8.7893577E-06,8.7904700E-06,8.7894014E-06,8.7885901E-06,8.7893259E-06,8.7902335E-06,8.7916105E-06,8.7919780E-06,8.7903327E-06,8.7897306E-06,8.7904818E-06,8.7915623E-06,8.7930875E-06,8.7924000E-06,8.7921899E-06,8.7926855E-06,8.7929875E-06,8.7927538E-06,8.7929920E-06,8.7929993E-06,8.7913568E-06,8.7903872E-06
8.7891140E-06,8.7884637E-06,8.7882563E-06,8.7878288E-06,8.7873341E-06,8.7870421E-06,8.7860635E-06,8.7847175E-06,8.7837589E-06,8.7837307E-06,8.7840417E-06,8.7844537E-06,8.7871049E-06,8.7894259E-06,8.7891458E-06,8.7880171E-06,8.7877333E-06,8.7870831E-06,8.7866783E-06,8.7877743E-06,8.7881326E-06,8.7881153E-06,8.7881590E-06,8.7887620E-06,8.7895751E-06,8.7892631E-06,8.7896105E-06,8.7898043E-06,8.7907865E-06,8.7929429E-06,8.7945200E-06,8.7956705E-06,8.7958542E-06,8.7953176E-06,8.7943736E-06,8.7931912E-06
8.7920071E-06,8.7900862E-06,8.7897033E-06,8.7901471E-06,8.7902190E-06,8.7902736E-06,8.7895496E-06,8.7894232E-06,8.7886092E-06,8.7871795E-06,8.7872568E-06,8.7886920E-06,8.7902245E-06,8.7914595E-06,8.7915405E-06,8.7894423E-06,8.7881708E-06,8.7902545E-06,8.7908556E-06,8.7895314E-06,8.7891576E-06,8.7882536E-06,8.7872395E-06,8.7875924E-06,8.7878252E-06,8.7881399E-06,8.7909375E-06,8.7916014E-06,8.7907101E-06,8.7908984E-06,8.7909884E-06,8.7914168E-06,8.7917842E-06,8.7918024E-06,8.7906337E-06,8.7903654E-06
8.7897943E-06,8.7882290E-06,8.7885855E-06,8.7878088E-06,8.7860981E-06,8.7859262E-06,8.7859680E-06,8.7858443E-06,8.7861572E-06,8.7879016E-06,8.7902881E-06,8.7923399E-06,8.7926473E-06,8.7916896E-06,8.7919825E-06,8.7930412E-06,8.7938397E-06,8.7933931E-06,8.7933067E-06,8.7928020E-06,8.7916114E-06,8.7926310E-06,8.7931758E-06,8.7914859E-06,8.7909684E-06,8.7930894E-06,8.7939479E-06,8.7940798E-06,8.7948347E-06,8.7959534E-06,8.7961680E-06,8.7955941E-06,8.7953222E-06,8.7959797E-06,8.7967228E-06,8.7962244E-06
8.7949056E-06,8.7919307E-06,8.7899007E-06,8.7889657E-06,8.7894368E-06,8.7891512E-06,8.7889066E-06,8.7885455E-06,8.7877252E-06,8.7876633E-06,8.7877534E-06,8.7906174E-06,8.7918879E-06,8.7916915E-06,8.7919643E-06,8.7910412E-06,8.7912313E-06,8.7917197E-06,8.7911612E-06,8.7907547E-06,8.7912276E-06,8.7913104E-06,8.7918115E-06,8.7917433E-06,8.7915287E-06,8.7918124E-06,8.7911412E-06,8.7923126E-06,8.7933931E-06,8.7922644E-06,8.7940389E-06,8.7967446E-06,8.7967392E-06,8.7960234E-06,8.7941789E-06,8.7925446E-06
8.7925891E-06,8.7927838E-06,8.7911758E-06,8.7902590E-06,8.7917260E-06,8.7929429E-06,8.7916323E-06,8.7899443E-06,8.7897270E-06,8.7905018E-06,8.7912895E-06,8.7924855E-06,8.7937387E-06,8.7942717E-06,8.7941680E-06,8.7931567E-06,8.7926974E-06,8.7943245E-06,8.7943654E-06,8.7940371E-06,8.7950730E-06,8.7947592E-06,8.7937769E-06,8.7932631E-06,8.7947419E-06,8.7955150E-06,8.7955177E-06,8.7962389E-06,8.7973085E-06,8.7986427E-06,8.7996177E-06,8.8006900E-06,8.8008965E-06,8.7995450E-06,8.7979570E-06,8.7972257E-06
8.7975413E-06,8.7953513E-06,8.7924373E-06,8.7922399E-06,8.7919716E-06,8.7923554E-06,8.7922481E-06,8.7909402E-06,8.7913550E-06,8.7916960E-06,8.7898597E-06,8.7906501E-06,8.7922735E-06,8.7915350E-06,8.7927365E-06,8.7935623E-06,8.7932412E-06,8.7939097E-06,8.7940698E-06,8.7941571E-06,8.7952658E-06,8.7960116E-06,8.7958151E-06,8.7954040E-06,8.7956923E-06,8.7957633E-06,8.7957333E-06,8.7966382E-06,8.7986582E-06,8.7994658E-06,8.7995995E-06,8.7989320E-06,8.7983499E-06,8.7997223E-06,8.8012739E-06,8.8009128E-06
8.8001934E-06,8.7989165E-06,8.7954540E-06,8.7953404E-06,8.7961662E-06,8.7968792E-06,8.7975832E-06,8.7957951E-06,8.7951093E-06,8.7960961E-06,8.7960025E-06,8.7952139E-06,8.7953949E-06,8.7951066E-06,8.7959324E-06,8.7970620E-06,8.7960279E-06,8.7961080E-06,8.7971748E-06,8.7973922E-06,8.7970484E-06,8.7958633E-06,8.7948038E-06,8.7958688E-06,8.7975704E-06,8.7987391E-06,8.7991411E-06,8.7990738E-06,8.7988701E-06,8.7979806E-06,8.7976350E-06,8.7986637E-06,8.7987455E-06,8.7978196E-06,8.7978278E-06,8.7989702E-06
8.7976641E-06,8.7970129E-06,8.7970820E-06,8.7963817E-06,8.7960761E-06,8.7950439E-06,8.7933340E-06,8.7918297E-06,8.7930121E-06,8.7930748E-06,8.7933431E-06,8.7926073E-06,8.7929247E-06,8.7954395E-06,8.7959015E-06,8.7945318E-06,8.7946137E-06,8.7966009E-06,8.7962007E-06,8.7957042E-06,8.7960825E-06,8.7969702E-06,8.7979124E-06,8.7975277E-06,8.7976205E-06,8.7973303E-06,8.7952349E-06,8.7958597E-06,8.7989902E-06,8.7995349E-06,8.7981898E-06,8.7970893E-06,8.7976050E-06,8.7997614E-06,8.8000079E-06,8.7994867E-06
8.7995122E-06,8.7983562E-06,8.7963363E-06,8.7954422E-06,8.7966709E-06,8.7971684E-06,8.7972721E-06,8.7967510E-06,8.7967119E-06,8.7977596E-06,8.7987864E-06,8.7979888E-06,8.7975450E-06,8.7991639E-06,8.7994931E-06,8.7999979E-06,8.8011611E-06,8.8027718E-06,8.8027209E-06,8.8013103E-06,8.8005272E-06,8.8000634E-06,8.8003244E-06,8.8000761E-06,8.8004226E-06,8.8021052E-06,8.8024544E-06,8.8019879E-06,8.8008064E-06,8.7996896E-06,8.8009610E-06,8.8017014E-06,8.8021188E-06,8.8024299E-06,8.8017978E-06,8.8013248E-06
8.8005363E-06,8.7996505E-06,8.7986282E-06,8.7985009E-06,8.7997678E-06,8.8010056E-06,8.7995413E-06,8.7973312E-06,8.7989874E-06,8.7997341E-06,8.7988528E-06,8.7995595E-06,8.8008401E-06,8.8025627E-06,8.8026636E-06,8.8020342E-06,8.8017396E-06,8.8020633E-06,8.8019497E-06,8.8010929E-06,8.8008583E-06,8.8005136E-06,8.7996932E-06,8.7999379E-06,8.7994704E-06,8.7986882E-06,8.8006363E-06,8.8030420E-06,8.8035995E-06,8.8037959E-06,8.8033821E-06,8.8014194E-06,8.7996796E-06,8.7997814E-06,8.8008719E-06,8.8003817E-06
8.7994140E-06,8.7970593E-06,8.7956214E-06,8.7958178E-06,8.7956450E-06,8.7954422E-06,8.7950948E-06,8.7949347E-06,8.7952903E-06,8.7971102E-06,8.7977178E-06,8.7980843E-06,8.8002771E-06,8.8009483E-06,8.8009692E-06,8.8013394E-06,8.8000261E-06,8.7997114E-06,8.8017896E-06,8.8028410E-06,8.8021661E-06,8.8016304E-06,8.8025708E-06,8.8026782E-06,8.8022080E-06,8.8026882E-06,8.8028910E-06,8.8042898E-06,8.8047627E-06,8.8030165E-06,8.8023953E-06,8.8028446E-06,8.8041934E-06,8.8046772E-06,8.8030674E-06,8.8008810E-06
8.7986500E-06,8.7979115E-06,8.7981807E-06,8.7984790E-06,8.7989738E-06,8.7987819E-06,8.7988101E-06,8.7993894E-06,8.7988410E-06,8.7979151E-06,8.7980488E-06,8.7991666E-06,8.8005863E-06,8.8012402E-06,8.8012221E-06,8.8006600E-06,8.8009756E-06,8.8014785E-06,8.8018060E-06,8.8016986E-06,8.8011129E-06,8.8028282E-06,8.8036868E-06,8.8030638E-06,8.8023789E-06,8.8024481E-06,8.8036704E-06,8.8028610E-06,8.8023144E-06,8.8043280E-06,8.8044690E-06,8.8044171E-06,8.8051711E-06,8.8054949E-06,8.8052102E-06,8.8046972E-06
8.8040888E-06,8.8009983E-06,8.7987628E-06,8.7995168E-06,8.8006618E-06,8.8007509E-06,8.7992375E-06,8.7980406E-06,8.7989274E-06,8.8002162E-06,8.8021188E-06,8.8041761E-06,8.8055549E-06,8.8042652E-06,8.8033230E-06,8.8054203E-06,8.8052648E-06,8.8047145E-06,8.8039860E-06,8.8013694E-06,8.8015895E-06,8.8034103E-06,8.8039314E-06,8.8033184E-06,8.8042470E-06,8.8062434E-06,8.8061988E-06,8.8056204E-06,8.8051584E-06,8.8053757E-06,8.8056640E-06,8.8066199E-06,8.8082952E-06,8.8094966E-06,8.8102961E-06,8.8088018E-06
8.8062516E-06,8.8030956E-06,8.8015440E-06,8.8032229E-06,8.8037223E-06,8.8010329E-06,8.8012412E-06,8.8023235E-06,8.8024317E-06,8.8051393E-06,8.8063771E-06,8.8057695E-06,8.8051820E-06,8.8055922E-06,8.8055776E-06,8.8068518E-06,8.8077313E-06,8.8074257E-06,8.8080724E-06,8.8079505E-06,8.8070656E-06,8.8072429E-06,8.8078186E-06,8.8084453E-06,8.8108145E-06,8.8120132E-06,8.8105480E-06,8.8092502E-06,8.8085935E-06,8.8084744E-06,8.8090819E-06,8.8095085E-06,8.8099778E-06,8.8106944E-06,8.8103143E-06,8.8091720E-06
8.8077941E-06,8.8051129E-06,8.8048837E-06,8.8046145E-06,8.8030829E-06,8.8043462E-06,8.8050037E-06,8.8038905E-06,8.8040761E-06,8.8066336E-06,8.8085526E-06,8.8095630E-06,8.8091747E-06,8.8088782E-06,8.8093375E-06,8.8088027E-06,8.8095894E-06,8.8097286E-06,8.8085808E-06,8.8087108E-06,8.8088300E-06,8.8087045E-06,8.8092402E-06,8.8100969E-06,8.8101506E-06,8.8090901E-06,8.8102515E-06,8.8118959E-06,8.8119541E-06,8.8110000E-06,8.8095276E-06,8.8098632E-06,8.8117749E-06,8.8128381E-06,8.8115503E-06,8.8100323E-06
8.8087881E-06,8.8068564E-06,8.8053002E-06,8.8056249E-06,8.8057886E-06,8.8049755E-06,8.8053739E-06,8.8066872E-06,8.8064153E-06,8.8068300E-06,8.8094284E-06,8.8101697E-06,8.8098377E-06,8.8098122E-06,8.8101806E-06,8.8098568E-06,8.8100205E-06,8.8095030E-06,8.8096558E-06,8.8114521E-06,8.8120178E-06,8.8124361E-06,8.8110291E-06,8.8092220E-06,8.8096858E-06,8.8116012E-06,8.8123870E-06,8.8110773E-06,8.8120014E-06,8.8145289E-06,8.8147071E-06,8.8145543E-06,8.8148336E-06,8.8149454E-06,8.8141742E-06,8.8127990E-06
8.8110992E-06,8.8099841E-06,8.8092065E-06,8.8086144E-06,8.8098868E-06,8.8109791E-06,8.8104643E-06,8.8101433E-06,8.8111774E-06,8.8128199E-06,8.8140459E-06,8.8126972E-06,8.8136603E-06,8.8148135E-06,8.8134529E-06,8.8138804E-06,8.8149300E-06,8.8157540E-06,8.8153502E-06,8.8158094E-06,8.8157531E-06,8.8149727E-06,8.8150264E-06,8.8156885E-06,8.8163606E-06,8.8162060E-06,8.8162651E-06,8.8172419E-06,8.8188053E-06,8.8182096E-06,8.8164970E-06,8.8156212E-06,8.8149263E-06,8.8154948E-06,8.8162151E-06,8.8162906E-06
8.8146053E-06,8.8125098E-06,8.8138486E-06,8.8142960E-06,8.8132583E-06,8.8126189E-06,8.8131828E-06,8.8151501E-06,8.8148281E-06,8.8152037E-06,8.8168454E-06,8.8171528E-06,8.8170427E-06,8.8174056E-06,8.8176866E-06,8.8178476E-06,8.8185470E-06,8.8192573E-06,8.8202596E-06,8.8187917E-06,8.8181941E-06,8.8194874E-06,8.8196539E-06,8.8210600E-06,8.8211691E-06,8.8210245E-06,8.8228044E-06,8.8235874E-06,8.8232546E-06,8.8214847E-06,8.8210800E-06,8.8225788E-06,8.8229854E-06,8.8228971E-06,8.8220750E-06,8.8215893E-06
8.8205297E-06,8.8185652E-06,8.8179522E-06,8.8176539E-06,8.8172092E-06,8.8173856E-06,8.8178422E-06,8.8187589E-06,8.8210818E-06,8.8223560E-06,8.8219604E-06,8.8226207E-06,8.8229635E-06,8.8225806E-06,8.8212309E-06,8.8206152E-06,8.8221641E-06,8.8234128E-06,8.8237648E-06,8.8238648E-06,8.8238285E-06,8.8239176E-06,8.8255911E-06,8.8261822E-06,8.8253255E-06,8.8269326E-06,8.8291854E-06,8.8272209E-06,8.8251736E-06,8.8263850E-06,8.8268925E-06,8.8270499E-06,8.8279185E-06,8.8284250E-06,8.8274564E-06,8.8262768E-06
8.8261686E-06,8.8266915E-06,8.8259048E-06,8.8252100E-06,8.8263532E-06,8.8262104E-06,8.8263587E-06,8.8284960E-06,8.8318075E-06,8.8346496E-06,8.8349052E-06,8.8355782E-06,8.8365050E-06,8.8372644E-06,8.8381930E-06,8.8386741E-06,8.8394381E-06,8.8390170E-06,8.8387032E-06,8.8388642E-06,8.8389524E-06,8.8394827E-06,8.8406023E-06,8.8414454E-06,8.8420929E-06,8.8424467E-06,8.8428233E-06,8.8451125E-06,8.8459728E-06,8.8456936E-06,8.8465576E-06,8.8487650E-06,8.8513998E-06,8.8526185E-06,8.8525185E-06,8.8529769E-06
8.8539537E-06,8.8534425E-06,8.8532961E-06,8.8564975E-06,8.8607921E-06,8.8629367E-06,8.8637807E-06,8.8637298E-06,8.8657753E-06,8.8695215E-06,8.8721335E-06,8.8738607E-06,8.8761581E-06,8.8781380E-06,8.8796169E-06,8.8808301E-06,8.8818933E-06,8.8841234E-06,8.8867346E-06,8.8904317E-06,8.8941560E-06,8.8954557E-06,8.8957704E-06,8.8986253E-06,8.9018431E-06,8.9028654E-06,8.9033792E-06,8.9061350E-06,8.9104351E-06,8.9134455E-06,8.9146715E-06,8.9159830E-06,8.9189007E-06,8.9220903E-06,8.9227306E-06,8.9203040E-06
8.9206524E-06,8.9218383E-06,8.9209470E-06,8.9215327E-06,8.9232171E-06,8.9245404E-06,8.9265559E-06,8.9282794E-06,8.9282203E-06,8.9273853E-06,8.9283130E-06,8.9294308E-06,8.9311361E-06,8.9323676E-06,8.9317718E-06,8.9322120E-06,8.9338391E-06,8.9351943E-06,8.9335726E-06,8.9328132E-06,8.9327632E-06,8.9322593E-06,8.9322384E-06,8.9323739E-06,8.9316145E-06,8.9296063E-06,8.9305686E-06,8.9321038E-06,8.9307405E-06,8.9298965E-06,8.9301257E-06,8.9308969E-06,8.9302002E-06,8.9299192E-06,8.9309979E-06,8.9291270E-06
8.9274281E-06,8.9276564E-06,8.9285813E-06,8.9302375E-06,8.9314108E-06,8.9335308E-06,8.9364248E-06,8.9370278E-06,8.9389341E-06,8.9427003E-06,8.9440191E-06,8.9445884E-06,8.9466976E-06,8.9495734E-06,8.9517907E-06,8.9521054E-06,8.9528776E-06,8.9560563E-06,8.9585965E-06,8.9596942E-06,8.9616033E-06,8.9644955E-06,8.9687173E-06,8.9722907E-06,8.9736604E-06,8.9780369E-06,8.9814330E-06,8.9828463E-06,8.9859468E-06,8.9885862E-06,8.9916612E-06,8.9944378E-06,8.9960395E-06,8.9986306E-06,9.0019839E-06,9.0031781E-06
9.0044614E-06,9.0054318E-06,9.0063286E-06,9.0080102E-06,9.0086851E-06,9.0103294E-06,9.0134017E-06,9.0156445E-06,9.0170133E-06,9.0195881E-06,9.0214980E-06,9.0225531E-06,9.0244648E-06,9.0251233E-06,9.0251005E-06,9.0252624E-06,9.0247995E-06,9.0259191E-06,9.0274825E-06,9.0276490E-06,9.0284566E-06,9.0291851E-06,9.0280264E-06,9.0274634E-06,9.0288840E-06,9.0308240E-06,9.0317544E-06,9.0320500E-06,9.0336834E-06,9.0337171E-06,9.0344038E-06,9.0368358E-06,9.0384383E-06,9.0407520E-06,9.0422818E-06,9.0426392E-06
9.0430640E-06,9.0437406E-06,9.0453905E-06,9.0483518E-06,9.0502144E-06,9.0516423E-06,9.0552885E-06,9.0593630E-06,9.0629219E-06,9.0650283E-06,9.0668491E-06,9.0704561E-06,9.0722833E-06,9.0737667E-06,9.0765561E-06,9.0791609E-06,9.0808617E-06,9.0821122E-06,9.0842932E-06,9.0855328E-06,9.0858257E-06,9.0876938E-06,9.0890699E-06,9.0891535E-06,9.0892763E-06,9.0903104E-06,9.0916301E-06,9.0930553E-06,9.0935327E-06,9.0945077E-06,9.0963531E-06,9.0954936E-06,9.0939557E-06,9.0945796E-06,9.0946914E-06,9.0931662E-06
9.0929107E-06,9.0919384E-06,9.0910171E-06,9.0898975E-06,9.0889125E-06,9.0893218E-06,9.0904623E-06,9.0916474E-06,9.0936392E-06,9.0961985E-06,9.0965686E-06,9.0969370E-06,9.0977028E-06,9.0986705E-06,9.0997555E-06,9.1016091E-06,9.1039910E-06,9.1054298E-06,9.1059210E-06,9.1071761E-06,9.1092743E-06,9.1102556E-06,9.1113907E-06,9.1126130E-06,9.1127767E-06,9.1125767E-06,9.1119818E-06,9.1111688E-06,9.1103520E-06,9.1089632E-06,9.1074908E-06,9.1055626E-06,9.1030060E-06,9.0992171E-06,9.0942831E-06,9.0888052E-06
9.0843814E-06,9.0793683E-06,9.0739059E-06,9.0693256E-06,9.0649892E-06,9.0591311E-06,9.0546291E-06,9.0522808E-06,9.0493886E-06,9.0455578E-06,9.0406411E-06,9.0369403E-06,9.0329013E-06,9.0290896E-06,9.0259946E-06,9.0221392E-06,9.0174199E-06,9.0135982E-06,9.0100484E-06,9.0052790E-06,9.0025633E-06,9.0012136E-06,8.9979885E-06,8.9938985E-06,8.9900377E-06,8.9854793E-06,8.9806108E-06,8.9782970E-06,8.9757468E-06,8.9712794E-06,8.9666164E-06,8.9623727E-06,8.9594823E-06,8.9555051E-06,8.9479718E-06,8.9424539E-06
8.9397499E-06,8.9352115E-06,8.9295781E-06,8.9246068E-06,8.9203677E-06,8.9165060E-06,8.9140440E-06,8.9130690E-06,8.9116529E-06,8.9082705E-06,8.9066552E-06,8.9052055E-06,8.9017039E-06,8.8993747E-06,8.8979923E-06,8.8961469E-06,8.8949464E-06,8.8945908E-06,8.8930756E-06,8.8910610E-06,8.8885517E-06,8.8864026E-06,8.8843353E-06,8.8814731E-06,8.8811930E-06,8.8813103E-06,8.8800443E-06,8.8791667E-06,8.8788702E-06,8.8779680E-06,8.8773568E-06,8.8768184E-06,8.8751194E-06,8.8737170E-06,8.8710685E-06,8.8686484E-06
8.8674160E-06,8.8664838E-06,8.8644001E-06,8.8620782E-06,8.8603801E-06,8.8599809E-06,8.8616071E-06,8.8639708E-06,8.8660790E-06,8.8674042E-06,8.8671304E-06,8.8670204E-06,8.8674096E-06,8.8661800E-06,8.8648640E-06,8.8648603E-06,8.8647257E-06,8.8652732E-06,8.8669503E-06,8.8662446E-06,8.8629740E-06,8.8608876E-06,8.8617580E-06,8.8621828E-06,8.8609640E-06,8.8604384E-06,8.8600718E-06,8.8593333E-06,8.8598190E-06,8.8588958E-06,8.8577226E-06,8.8581819E-06,8.8570414E-06,8.8540628E-06,8.8512597E-06,8.8486349E-06
8.8475963E-06,8.8468723E-06,8.8441529E-06,8.8417582E-06,8.8406396E-06,8.8414308E-06,8.8404386E-06,8.8382594E-06,8.8374227E-06,8.8368497E-06,8.8397137E-06,8.8425704E-06,8.8413908E-06,8.8399338E-06,8.8396155E-06,8.8401675E-06,8.8400238E-06,8.8376219E-06,8.8357083E-06,8.8349516E-06,8.8342658E-06,8.8338884E-06,8.8339757E-06,8.8337092E-06,8.8351171E-06,8.8340312E-06,8.8298966E-06,8.8286388E-06,8.8301176E-06,8.8319048E-06,8.8314118E-06,8.8318393E-06,8.8312800E-06,8.8299757E-06,8.8294209E-06,8.8276702E-06
8.8274037E-06,8.8278457E-06,8.8271918E-06,8.8245215E-06,8.8219967E-06,8.8219294E-06,8.8222068E-06,8.8220777E-06,8.8209663E-06,8.8221459E-06,8.8237675E-06,8.8241068E-06,8.8258821E-06,8.8239894E-06,8.8219922E-06,8.8216075E-06,8.8205797E-06,8.8213674E-06,8.8227280E-06,8.8235711E-06,8.8246297E-06,8.8260640E-06,8.8262122E-06,8.8268725E-06,8.8294810E-06,8.8306951E-06,8.8305551E-06,8.8297420E-06,8.8290944E-06,8.8277657E-06,8.8267297E-06,8.8267070E-06,8.8268416E-06,8.8270090E-06,8.8260640E-06,8.8250708E-06
8.8256102E-06,8.8248162E-06,8.8226607E-06,8.8226134E-06,8.8223933E-06,8.8223096E-06,8.8224087E-06,8.8225361E-06,8.8250308E-06,8.8282386E-06,8.8285942E-06,8.8283714E-06,8.8282832E-06,8.8276311E-06,8.8276711E-06,8.8272691E-06,8.8270399E-06,8.8275474E-06,8.8275310E-06,8.8269235E-06,8.8279576E-06,8.8294000E-06,8.8297338E-06,8.8305487E-06,8.8297556E-06,8.8282077E-06,8.8295046E-06,8.8316783E-06,8.8295110E-06,8.8273518E-06,8.8275883E-06,8.8277502E-06,8.8273482E-06,8.8262996E-06,8.8260076E-06,8.8248898E-06
8.8258930E-06,8.8265797E-06,8.8229326E-06,8.8222850E-06,8.8246579E-06,8.8238203E-06,8.8223387E-06,8.8227052E-06,8.8236939E-06,8.8251018E-06,8.8265397E-06,8.8279994E-06,8.8272955E-06,8.8259730E-06,8.8263159E-06,8.8265679E-06,8.8271445E-06,8.8274828E-06,8.8285651E-06,8.8296547E-06,8.8290444E-06,8.8288116E-06,8.8284305E-06,8.8292418E-06,8.8301822E-06,8.8301313E-06,8.8307643E-06,8.8309571E-06,8.8304523E-06,8.8296319E-06,8.8298648E-06,8.8296874E-06,8.8286561E-06,8.8275319E-06,8.8269408E-06,8.8263841E-06
8.8278239E-06,8.8275574E-06,8.8248553E-06,8.8239749E-06,8.8229690E-06,8.8233628E-06,8.8253037E-06,8.8277484E-06,8.8274082E-06,8.8268598E-06,8.8276656E-06,8.8277075E-06,8.8273482E-06,8.8278939E-06,8.8283705E-06,8.8285942E-06,8.8313109E-06,8.8312609E-06,8.8301576E-06,8.8315319E-06,8.8310990E-06,8.8299894E-06,8.8288916E-06,8.8286870E-06,8.8297420E-06,8.8304150E-06,8.8317547E-06,8.8324141E-06,8.8320939E-06,8.8319857E-06,8.8312208E-06,8.8304550E-06,8.8290071E-06,8.8279494E-06,8.8276756E-06,8.8280176E-06
8.8285105E-06,8.8276292E-06,8.8262968E-06,8.8250053E-06,8.8249226E-06,8.8255883E-06,8.8263114E-06,8.8271117E-06,8.8281740E-06,8.8304732E-06,8.8313600E-06,8.8306660E-06,8.8315292E-06,8.8318593E-06,8.8325951E-06,8.8328925E-06,8.8308543E-06,8.8303987E-06,8.8319030E-06,8.8333982E-06,8.8342331E-06,8.8348243E-06,8.8356528E-06,8.8363931E-06,8.8354545E-06,8.8345441E-06,8.8351062E-06,8.8351826E-06,8.8351408E-06,8.8350771E-06,8.8350189E-06,8.8354191E-06,8.8334364E-06,8.8319466E-06,8.8320667E-06,8.8314309E-06
8.8323695E-06,8.8319093E-06,8.8284105E-06,8.8267807E-06,8.8270926E-06,8.8282177E-06,8.8295919E-06,8.8289253E-06,8.8284305E-06,8.8303532E-06,8.8317884E-06,8.8327415E-06,8.8327288E-06,8.8312081E-06,8.8316119E-06,8.8324541E-06,8.8326997E-06,8.8328043E-06,8.8328052E-06,8.8323641E-06,8.8325914E-06,8.8324905E-06,8.8310580E-06,8.8309980E-06,8.8325132E-06,8.8330944E-06,8.8335828E-06,8.8333081E-06,8.8323431E-06,8.8332417E-06,8.8331362E-06,8.8325623E-06,8.8328134E-06,8.8317838E-06,8.8291545E-06,8.8286561E-06
8.8311499E-06,8.8310744E-06,8.8282022E-06,8.8266743E-06,8.8270726E-06,8.8273446E-06,8.8286442E-06,8.8288871E-06,8.8278575E-06,8.8280922E-06,8.8287234E-06,8.8293136E-06,8.8292118E-06,8.8288489E-06,8.8282240E-06,8.8287034E-06,8.8275437E-06,8.8272509E-06,8.8287979E-06,8.8287052E-06,8.8289998E-06,8.8289044E-06,8.8293782E-06,8.8295874E-06,8.8292918E-06,8.8293873E-06,8.8286233E-06,8.8286733E-06,8.8293636E-06,8.8290590E-06,8.8284105E-06,8.8281358E-06,8.8260986E-06,8.8240849E-06,8.8246670E-06,8.8248553E-06
8.8254619E-06,8.8246670E-06,8.8218703E-06,8.8209217E-06,8.8207289E-06,8.8207280E-06,8.8222514E-06,8.8236811E-06,8.8238003E-06,8.8240777E-06,8.8245742E-06,8.8252545E-06,8.8260394E-06,8.8259439E-06,8.8262068E-06,8.8262977E-06,8.8260422E-06,8.8263969E-06,8.8272172E-06,8.8277475E-06,8.8286497E-06,8.8290744E-06,8.8279330E-06,8.8278630E-06,8.8284787E-06,8.8281085E-06,8.8268216E-06,8.8257320E-06,8.8263969E-06,8.8264614E-06,8.8261995E-06,8.8265078E-06,8.8257839E-06,8.8242641E-06,8.8225852E-06,8.8228271E-06
8.8244305E-06,8.8244378E-06,8.8232464E-06,8.8221559E-06,8.8204242E-06,8.8198376E-06,8.8205288E-06,8.8210027E-06,8.8213619E-06,8.8229272E-06,8.8236547E-06,8.8247043E-06,8.8253637E-06,8.8240331E-06,8.8242286E-06,8.8244215E-06,8.8245397E-06,8.8248607E-06,8.8257393E-06,8.8257120E-06,8.8248844E-06,8.8259812E-06,8.8268262E-06,8.8261759E-06,8.8242996E-06,8.8247634E-06,8.8265260E-06,8.8267670E-06,8.8269153E-06,8.8263450E-06,8.8258321E-06,8.8244724E-06,8.8236547E-06,8.8244742E-06,8.8244724E-06,8.8228580E-06
8.8222387E-06,8.8215120E-06,8.8183351E-06,8.8174211E-06,8.8188826E-06,8.8184797E-06,8.8202005E-06,8.8237512E-06,8.8223405E-06,8.8196621E-06,8.8187771E-06,8.8176321E-06,8.8181641E-06,8.8197748E-06,8.8209690E-06,8.8217475E-06,8.8220358E-06,8.8229353E-06,8.8226116E-06,8.8217275E-06,8.8220531E-06,8.8227007E-06,8.8243714E-06,8.8245388E-06,8.8240313E-06,8.8252545E-06,8.8258184E-06,8.8261895E-06,8.8260313E-06,8.8254674E-06,8.8257866E-06,8.8287370E-06,8.8289571E-06,8.8238512E-06,8.8235592E-06,8.8258239E-06
8.8253446E-06,8.8253109E-06,8.8232891E-06,8.8211118E-06,8.8209017E-06,8.8206962E-06,8.8219203E-06,8.8230226E-06,8.8232928E-06,8.8241895E-06,8.8256502E-06,8.8254465E-06,8.8257884E-06,8.8265569E-06,8.8262968E-06,8.8256393E-06,8.8239049E-06,8.8248571E-06,8.8271445E-06,8.8267116E-06,8.8254128E-06,8.8264887E-06,8.8277484E-06,8.8281067E-06,8.8284105E-06,8.8276165E-06,8.8273709E-06,8.8283587E-06,8.8283423E-06,8.8281022E-06,8.8278057E-06,8.8273427E-06,8.8248807E-06,8.8232864E-06,8.8247452E-06,8.8256911E-06
8.8258648E-06,8.8237093E-06,8.8230217E-06,8.8250817E-06,8.8250672E-06,8.8232964E-06,8.8233501E-06,8.8235793E-06,8.8236857E-06,8.8249226E-06,8.8264333E-06,8.8257129E-06,8.8252664E-06,8.8264796E-06,8.8265297E-06,8.8251363E-06,8.8236884E-06,8.8242841E-06,8.8253037E-06,8.8249335E-06,8.8256957E-06,8.8280694E-06,8.8266952E-06,8.8235629E-06,8.8232446E-06,8.8249999E-06,8.8259294E-06,8.8265197E-06,8.8267416E-06,8.8258885E-06,8.8251818E-06,8.8246934E-06,8.8253382E-06,8.8261413E-06,8.8254728E-06,8.8252009E-06
8.8267589E-06,8.8254355E-06,8.8235120E-06,8.8246179E-06,8.8247407E-06,8.8246124E-06,8.8260949E-06,8.8262013E-06,8.8242014E-06,8.8243396E-06,8.8260986E-06,8.8275483E-06,8.8287734E-06,8.8280467E-06,8.8276838E-06,8.8296738E-06,8.8293009E-06,8.8292700E-06,8.8307552E-06,8.8307315E-06,8.8310617E-06,8.8320776E-06,8.8322586E-06,8.8321522E-06,8.8330062E-06,8.8332954E-06,8.8322022E-06,8.8291108E-06,8.8274546E-06,8.8272191E-06,8.8258885E-06,8.8256420E-06,8.8256284E-06,8.8254874E-06,8.8274382E-06,8.8282532E-06
8.8268889E-06,8.8245060E-06,8.8221932E-06,8.8236738E-06,8.8235438E-06,8.8221686E-06,8.8236447E-06,8.8245733E-06,8.8243423E-06,8.8240031E-06,8.8242205E-06,8.8258066E-06,8.8278130E-06,8.8298339E-06,8.8297429E-06,8.8289835E-06,8.8285660E-06,8.8293418E-06,8.8311153E-06,8.8316592E-06,8.8317656E-06,8.8319666E-06,8.8317629E-06,8.8305669E-06,8.8305078E-06,8.8313100E-06,8.8310599E-06,8.8321722E-06,8.8334227E-06,8.8323213E-06,8.8315892E-06,8.8310153E-06,8.8328707E-06,8.8347388E-06,8.8337656E-06,8.8322877E-06
8.8306742E-06,8.8290017E-06,8.8280658E-06,8.8274219E-06,8.8259294E-06,8.8246061E-06,8.8250672E-06,8.8265951E-06,8.8275947E-06,8.8284405E-06,8.8307288E-06,8.8320030E-06,8.8306197E-06,8.8298566E-06,8.8297129E-06,8.8294455E-06,8.8292181E-06,8.8312499E-06,8.8319275E-06,8.8298766E-06,8.8291763E-06,8.8290217E-06,8.8295837E-06,8.8305196E-06,8.8306215E-06,8.8306779E-06,8.8320257E-06,8.8318293E-06,8.8307288E-06,8.8311499E-06,8.8310244E-06,8.8304096E-06,8.8311272E-06,8.8322849E-06,8.8322095E-06,8.8315410E-06
8.8319011E-06,8.8313973E-06,8.8315410E-06,8.8329789E-06,8.8339120E-06,8.8332054E-06,8.8315792E-06,8.8319575E-06,8.8334327E-06,8.8345750E-06,8.8349507E-06,8.8351699E-06,8.8351126E-06,8.8342931E-06,8.8348725E-06,8.8349416E-06,8.8344723E-06,8.8350753E-06,8.8352972E-06,8.8355646E-06,8.8349025E-06,8.8352926E-06,8.8348188E-06,8.8336455E-06,8.8329089E-06,8.8333545E-06,8.8348006E-06,8.8338893E-06,8.8330771E-06,8.8327570E-06,8.8332117E-06,8.8346551E-06,8.8347933E-06,8.8356810E-06,8.8369743E-06,8.8346678E-06
8.8344022E-06,8.8366469E-06,8.8351408E-06,8.8335109E-06,8.8334618E-06,8.8332636E-06,8.8328425E-06,8.8331362E-06,8.8339875E-06,8.8329098E-06,8.8312800E-06,8.8321403E-06,8.8329070E-06,8.8322431E-06,8.8323986E-06,8.8324241E-06,8.8330844E-06,8.8338820E-06,8.8335728E-06,8.8333099E-06,8.8350162E-06,8.8360648E-06,8.8347815E-06,8.8338083E-06,8.8336819E-06,8.8329307E-06,8.8320248E-06,8.8321112E-06,8.8328297E-06,8.8341803E-06,8.8359575E-06,8.8369452E-06,8.8366833E-06,8.8360239E-06,8.8355027E-06,8.8356410E-06
