8.8234019E-06,8.8247325E-06,8.8245224E-06,8.8244042E-06,8.8261177E-06,8.8266879E-06,8.8274237E-06,8.8273919E-06,8.8265942E-06,8.8278857E-06,8.8286260E-06,8.8268234E-06,8.8252109E-06,8.8261704E-06,8.8278421E-06,8.8284341E-06,8.8273036E-06,8.8266197E-06,8.8266452E-06,8.8267061E-06,8.8273209E-06,8.8272682E-06,8.8277156E-06,8.8280576E-06,8.8280913E-06,8.8279330E-06,8.8270190E-06,8.8258239E-06,8.8255520E-06,8.8256020E-06,8.8258266E-06,8.8255219E-06,8.8262259E-06,8.8286506E-06,8.8283796E-06,8.8285333E-06
8.8304341E-06,8.8289780E-06,8.8257793E-06,8.8248607E-06,8.8251782E-06,8.8250072E-06,8.8233028E-06,8.8237703E-06,8.8253173E-06,8.8256302E-06,8.8259412E-06,8.8262768E-06,8.8262332E-06,8.8253801E-06,8.8260522E-06,8.8266661E-06,8.8259903E-06,8.8257566E-06,8.8256393E-06,8.8255520E-06,8.8248462E-06,8.8243287E-06,8.8247762E-06,8.8258585E-06,8.8274210E-06,8.8287734E-06,8.8283932E-06,8.8278830E-06,8.8287225E-06,8.8275583E-06,8.8261358E-06,8.8267707E-06,8.8281249E-06,8.8287461E-06,8.8303095E-06,8.8325360E-06
8.8326560E-06,8.8317083E-06,8.8284187E-06,8.8271208E-06,8.8267925E-06,8.8255801E-06,8.8266570E-06,8.8272891E-06,8.8277120E-06,8.8268889E-06,8.8267707E-06,8.8276183E-06,8.8273719E-06,8.8273973E-06,8.8273846E-06,8.8272109E-06,8.8265106E-06,8.8266661E-06,8.8276629E-06,8.8272463E-06,8.8270735E-06,8.8276402E-06,8.8280094E-06,8.8292554E-06,8.8307543E-06,8.8317256E-06,8.8318166E-06,8.8310480E-06,8.8309871E-06,8.8305478E-06,8.8291154E-06,8.8280367E-06,8.8278348E-06,8.8287988E-06,8.8306742E-06,8.8316810E-06
8.8326205E-06,8.8326587E-06,8.8285114E-06,8.8265397E-06,8.8274855E-06,8.8274410E-06,8.8283541E-06,8.8283496E-06,8.8282550E-06,8.8285942E-06,8.8287052E-06,8.8295737E-06,8.8291263E-06,8.8278284E-06,8.8274646E-06,8.8277993E-06,8.8282495E-06,8.8275074E-06,8.8269544E-06,8.8279849E-06,8.8277929E-06,8.8264114E-06,8.8268480E-06,8.8295565E-06,8.8304341E-06,8.8289753E-06,8.8304550E-06,8.8311026E-06,8.8300694E-06,8.8304896E-06,8.8297129E-06,8.8276583E-06,8.8268252E-06,8.8282441E-06,8.8303204E-06,8.8315382E-06
8.8316929E-06,8.8308716E-06,8.8287297E-06,8.8265187E-06,8.8263969E-06,8.8278912E-06,8.8281831E-06,8.8273946E-06,8.8275165E-06,8.8277384E-06,8.8275474E-06,8.8274501E-06,8.8278630E-06,8.8285451E-06,8.8292609E-06,8.8289053E-06,8.8283623E-06,8.8277129E-06,8.8262386E-06,8.8266115E-06,8.8274537E-06,8.8285569E-06,8.8295919E-06,8.8306961E-06,8.8320939E-06,8.8321913E-06,8.8319002E-06,8.8313254E-06,8.8309125E-06,8.8303750E-06,8.8299057E-06,8.8293546E-06,8.8278884E-06,8.8277338E-06,8.8286106E-06,8.8302158E-06
8.8319575E-06,8.8305305E-06,8.8271199E-06,8.8256811E-06,8.8261877E-06,8.8271745E-06,8.8274428E-06,8.8266297E-06,8.8271090E-06,8.8280176E-06,8.8268507E-06,8.8255720E-06,8.8259549E-06,8.8262832E-06,8.8269544E-06,8.8271918E-06,8.8261586E-06,8.8258930E-06,8.8256866E-06,8.8272081E-06,8.8291763E-06,8.8290444E-06,8.8300867E-06,8.8298238E-06,8.8278921E-06,8.8274237E-06,8.8280567E-06,8.8287406E-06,8.8290153E-06,8.8288289E-06,8.8275656E-06,8.8260458E-06,8.8252955E-06,8.8260649E-06,8.8272372E-06,8.8276838E-06
8.8293800E-06,8.8306779E-06,8.8268480E-06,8.8234328E-06,8.8239003E-06,8.8250290E-06,8.8251900E-06,8.8246752E-06,8.8245015E-06,8.8250244E-06,8.8257984E-06,8.8257420E-06,8.8263396E-06,8.8276492E-06,8.8273664E-06,8.8263041E-06,8.8261759E-06,8.8261604E-06,8.8262832E-06,8.8270062E-06,8.8288216E-06,8.8303432E-06,8.8311781E-06,8.8303668E-06,8.8294764E-06,8.8303695E-06,8.8309998E-06,8.8315182E-06,8.8316192E-06,8.8311963E-06,8.8305960E-06,8.8294755E-06,8.8278557E-06,8.8279357E-06,8.8289853E-06,8.8297229E-06
8.8315437E-06,8.8308188E-06,8.8271336E-06,8.8250190E-06,8.8259403E-06,8.8274264E-06,8.8276129E-06,8.8267325E-06,8.8269298E-06,8.8267052E-06,8.8258384E-06,8.8263996E-06,8.8268243E-06,8.8258421E-06,8.8253892E-06,8.8266433E-06,8.8268644E-06,8.8268462E-06,8.8270563E-06,8.8278984E-06,8.8297156E-06,8.8305805E-06,8.8303041E-06,8.8313654E-06,8.8306915E-06,8.8305442E-06,8.8308634E-06,8.8296783E-06,8.8302941E-06,8.8307579E-06,8.8318338E-06,8.8309825E-06,8.8281085E-06,8.8272791E-06,8.8288061E-06,8.8312208E-06
8.8322677E-06,8.8319448E-06,8.8296801E-06,8.8280385E-06,8.8283750E-06,8.8269699E-06,8.8252946E-06,8.8255028E-06,8.8261013E-06,8.8251008E-06,8.8253755E-06,8.8260722E-06,8.8255747E-06,8.8265742E-06,8.8261768E-06,8.8243423E-06,8.8247280E-06,8.8254646E-06,8.8252236E-06,8.8260476E-06,8.8270990E-06,8.8272436E-06,8.8278939E-06,8.8291681E-06,8.8304350E-06,8.8300176E-06,8.8295410E-06,8.8301540E-06,8.8305887E-06,8.8305942E-06,8.8292163E-06,8.8296192E-06,8.8311735E-06,8.8291717E-06,8.8266788E-06,8.8277748E-06
8.8297784E-06,8.8282086E-06,8.8264796E-06,8.8277929E-06,8.8278211E-06,8.8284987E-06,8.8296610E-06,8.8284651E-06,8.8277629E-06,8.8284132E-06,8.8284651E-06,8.8281968E-06,8.8284951E-06,8.8287497E-06,8.8279221E-06,8.8272864E-06,8.8275910E-06,8.8287243E-06,8.8306979E-06,8.8312427E-06,8.8319921E-06,8.8334464E-06,8.8328206E-06,8.8321831E-06,8.8340703E-06,8.8358101E-06,8.8349625E-06,8.8342776E-06,8.8349825E-06,8.8356310E-06,8.8356228E-06,8.8349943E-06,8.8330480E-06,8.8305132E-06,8.8292609E-06,8.8285824E-06
8.8298848E-06,8.8318720E-06,8.8304396E-06,8.8287343E-06,8.8289425E-06,8.8296156E-06,8.8298830E-06,8.8313045E-06,8.8319321E-06,8.8297766E-06,8.8291717E-06,8.8293018E-06,8.8287925E-06,8.8284823E-06,8.8295392E-06,8.8308107E-06,8.8309061E-06,8.8310908E-06,8.8320667E-06,8.8321549E-06,8.8319321E-06,8.8327797E-06,8.8339730E-06,8.8341130E-06,8.8345578E-06,8.8351617E-06,8.8346151E-06,8.8344759E-06,8.8352936E-06,8.8370343E-06,8.8357565E-06,8.8344459E-06,8.8344150E-06,8.8333463E-06,8.8324068E-06,8.8322040E-06
8.8339839E-06,8.8348997E-06,8.8324350E-06,8.8307797E-06,8.8321030E-06,8.8327988E-06,8.8331735E-06,8.8340676E-06,8.8337174E-06,8.8334891E-06,8.8346378E-06,8.8349197E-06,8.8339502E-06,8.8329261E-06,8.8335155E-06,8.8347915E-06,8.8374190E-06,8.8388779E-06,8.8382949E-06,8.8390871E-06,8.8387660E-06,8.8381585E-06,8.8392180E-06,8.8391325E-06,8.8390016E-06,8.8393981E-06,8.8387678E-06,8.8385404E-06,8.8397746E-06,8.8401521E-06,8.8399229E-06,8.8413062E-06,8.8413635E-06,8.8407323E-06,8.8396127E-06,8.8382721E-06
8.8391671E-06,8.8398483E-06,8.8385696E-06,8.8376710E-06,8.8383476E-06,8.8391962E-06,8.8377919E-06,8.8366878E-06,8.8376883E-06,8.8377947E-06,8.8378847E-06,8.8387942E-06,8.8381976E-06,8.8369352E-06,8.8387660E-06,8.8405513E-06,8.8413672E-06,8.8410225E-06,8.8409806E-06,8.8425222E-06,8.8419565E-06,8.8418437E-06,8.8426577E-06,8.8421557E-06,8.8416737E-06,8.8430170E-06,8.8441056E-06,8.8443048E-06,8.8444449E-06,8.8444076E-06,8.8439774E-06,8.8440174E-06,8.8442903E-06,8.8426505E-06,8.8406996E-06,8.8404768E-06
8.8393972E-06,8.8378856E-06,8.8382421E-06,8.8394327E-06,8.8400211E-06,8.8395036E-06,8.8404349E-06,8.8413844E-06,8.8410270E-06,8.8412562E-06,8.8414572E-06,8.8413608E-06,8.8397664E-06,8.8394199E-06,8.8402785E-06,8.8404231E-06,8.8411498E-06,8.8429842E-06,8.8448523E-06,8.8457955E-06,8.8463284E-06,8.8462702E-06,8.8457300E-06,8.8458582E-06,8.8469524E-06,8.8475899E-06,8.8472816E-06,8.8467832E-06,8.8477400E-06,8.8486176E-06,8.8483830E-06,8.8485403E-06,8.8489023E-06,8.8492688E-06,8.8483803E-06,8.8463330E-06
8.8453544E-06,8.8445413E-06,8.8441202E-06,8.8449451E-06,8.8459737E-06,8.8465695E-06,8.8455827E-06,8.8451243E-06,8.8455454E-06,8.8442457E-06,8.8441793E-06,8.8447405E-06,8.8454317E-06,8.8474208E-06,8.8486522E-06,8.8497936E-06,8.8500747E-06,8.8503311E-06,8.8504657E-06,8.8492261E-06,8.8497327E-06,8.8503275E-06,8.8498964E-06,8.8508450E-06,8.8525448E-06,8.8535298E-06,8.8541301E-06,8.8551133E-06,8.8555280E-06,8.8562783E-06,8.8562037E-06,8.8557317E-06,8.8561574E-06,8.8553470E-06,8.8550887E-06,8.8545985E-06
8.8531169E-06,8.8523866E-06,8.8531979E-06,8.8547049E-06,8.8551951E-06,8.8556326E-06,8.8545630E-06,8.8530323E-06,8.8513743E-06,8.8509651E-06,8.8515417E-06,8.8529650E-06,8.8552606E-06,8.8556426E-06,8.8570141E-06,8.8586185E-06,8.8594206E-06,8.8604156E-06,8.8605302E-06,8.8605411E-06,8.8616452E-06,8.8618763E-06,8.8614324E-06,8.8617935E-06,8.8621600E-06,8.8620200E-06,8.8621391E-06,8.8626557E-06,8.8635406E-06,8.8644847E-06,8.8658908E-06,8.8666075E-06,8.8666729E-06,8.8665338E-06,8.8654770E-06,8.8632360E-06
8.8611268E-06,8.8614333E-06,8.8614288E-06,8.8612369E-06,8.8617162E-06,8.8625929E-06,8.8633360E-06,8.8632642E-06,8.8642701E-06,8.8661482E-06,8.8666920E-06,8.8678398E-06,8.8694314E-06,8.8690976E-06,8.8696734E-06,8.8720471E-06,8.8736815E-06,8.8726938E-06,8.8727875E-06,8.8743045E-06,8.8748047E-06,8.8750803E-06,8.8745992E-06,8.8750648E-06,8.8765782E-06,8.8781253E-06,8.8779680E-06,8.8779943E-06,8.8796442E-06,8.8805327E-06,8.8814449E-06,8.8821353E-06,8.8842535E-06,8.8859188E-06,8.8841134E-06,8.8822908E-06
8.8810411E-06,8.8802690E-06,8.8804991E-06,8.8801526E-06,8.8809847E-06,8.8828265E-06,8.8837041E-06,8.8833431E-06,8.8824763E-06,8.8815186E-06,8.8809747E-06,8.8835395E-06,8.8864899E-06,8.8876714E-06,8.8881234E-06,8.8879206E-06,8.8874585E-06,8.8885154E-06,8.8891784E-06,8.8889155E-06,8.8904371E-06,8.8912438E-06,8.8906490E-06,8.8912820E-06,8.8925672E-06,8.8934503E-06,8.8940296E-06,8.8938368E-06,8.8940160E-06,8.8944243E-06,8.8949282E-06,8.8945862E-06,8.8943561E-06,8.8961833E-06,8.8963179E-06,8.8957968E-06
8.8953257E-06,8.8944625E-06,8.8933848E-06,8.8930310E-06,8.8944080E-06,8.8952665E-06,8.8956758E-06,8.8954321E-06,8.8958914E-06,8.8962270E-06,8.8974984E-06,8.9003788E-06,8.9005589E-06,8.8992156E-06,8.8996776E-06,8.9011755E-06,8.9029463E-06,8.9042651E-06,8.9044870E-06,8.9032810E-06,8.9049072E-06,8.9076148E-06,8.9086207E-06,8.9109899E-06,8.9126424E-06,8.9140840E-06,8.9139912E-06,8.9141549E-06,8.9156992E-06,8.9167042E-06,8.9201849E-06,8.9228433E-06,8.9218256E-06,8.9220430E-06,8.9244058E-06,8.9261130E-06
8.9270134E-06,8.9253954E-06,8.9229406E-06,8.9230070E-06,8.9237001E-06,8.9253381E-06,8.9264640E-06,8.9267232E-06,8.9266450E-06,8.9271080E-06,8.9301002E-06,8.9321102E-06,8.9325822E-06,8.9331961E-06,8.9351015E-06,8.9367368E-06,8.9366613E-06,8.9377099E-06,8.9397381E-06,8.9421273E-06,8.9445639E-06,8.9454188E-06,8.9439563E-06,8.9434625E-06,8.9446412E-06,8.9453833E-06,8.9468840E-06,8.9483119E-06,8.9489022E-06,8.9496516E-06,8.9515688E-06,8.9522819E-06,8.9510449E-06,8.9497516E-06,8.9499590E-06,8.9504983E-06
8.9498753E-06,8.9477753E-06,8.9477799E-06,8.9483829E-06,8.9481928E-06,8.9493133E-06,8.9490049E-06,8.9498335E-06,8.9512960E-06,8.9529531E-06,8.9545911E-06,8.9551704E-06,8.9566338E-06,8.9577361E-06,8.9588047E-06,8.9593486E-06,8.9590212E-06,8.9602408E-06,8.9621317E-06,8.9627938E-06,8.9634404E-06,8.9636660E-06,8.9641071E-06,8.9658888E-06,8.9676942E-06,8.9682035E-06,8.9686109E-06,8.9702153E-06,8.9714022E-06,8.9732748E-06,8.9744781E-06,8.9750301E-06,8.9755094E-06,8.9756568E-06,8.9773139E-06,8.9787500E-06
8.9793511E-06,8.9797531E-06,8.9781815E-06,8.9754894E-06,8.9749692E-06,8.9763789E-06,8.9771083E-06,8.9768600E-06,8.9771656E-06,8.9784598E-06,8.9801279E-06,8.9818486E-06,8.9830628E-06,8.9833320E-06,8.9851210E-06,8.9864498E-06,8.9872119E-06,8.9877631E-06,8.9872847E-06,8.9876012E-06,8.9878422E-06,8.9875739E-06,8.9891573E-06,8.9905761E-06,8.9910836E-06,8.9913601E-06,8.9915857E-06,8.9920868E-06,8.9914774E-06,8.9923851E-06,8.9939895E-06,8.9951854E-06,8.9967480E-06,8.9971390E-06,8.9991727E-06,9.0010380E-06
8.9988207E-06,8.9976693E-06,8.9949872E-06,8.9921059E-06,8.9963196E-06,8.9990244E-06,8.9981495E-06,9.0001095E-06,9.0025842E-06,9.0047333E-06,9.0067433E-06,9.0081858E-06,9.0091444E-06,9.0103540E-06,9.0130397E-06,9.0156682E-06,9.0169578E-06,9.0188050E-06,9.0194835E-06,9.0198246E-06,9.0217509E-06,9.0247822E-06,9.0268286E-06,9.0272269E-06,9.0279618E-06,9.0291578E-06,9.0312624E-06,9.0334497E-06,9.0353797E-06,9.0368685E-06,9.0377143E-06,9.0392859E-06,9.0408157E-06,9.0418725E-06,9.0435697E-06,9.0448402E-06
9.0439171E-06,9.0418389E-06,9.0417407E-06,9.0431877E-06,9.0451813E-06,9.0464364E-06,9.0473513E-06,9.0480635E-06,9.0502299E-06,9.0518351E-06,9.0530057E-06,9.0552148E-06,9.0554276E-06,9.0551666E-06,9.0566837E-06,9.0587455E-06,9.0580734E-06,9.0581607E-06,9.0602698E-06,9.0610001E-06,9.0613730E-06,9.0623471E-06,9.0631356E-06,9.0640988E-06,9.0632830E-06,9.0621816E-06,9.0627473E-06,9.0638568E-06,9.0653193E-06,9.0659687E-06,9.0658541E-06,9.0660269E-06,9.0661142E-06,9.0651820E-06,9.0649910E-06,9.0670610E-06
9.0667463E-06,9.0639360E-06,9.0629846E-06,9.0635222E-06,9.0641133E-06,9.0659978E-06,9.0664371E-06,9.0652793E-06,9.0643425E-06,9.0648955E-06,9.0687845E-06,9.0719841E-06,9.0726326E-06,9.0732883E-06,9.0744188E-06,9.0742733E-06,9.0737431E-06,9.0746544E-06,9.0763751E-06,9.0765861E-06,9.0774984E-06,9.0796429E-06,9.0810317E-06,9.0812491E-06,9.0816920E-06,9.0840358E-06,9.0859658E-06,9.0875146E-06,9.0889025E-06,9.0891326E-06,9.0908643E-06,9.0933472E-06,9.0947824E-06,9.0964841E-06,9.0977983E-06,9.0990370E-06
9.0996500E-06,9.0991743E-06,9.0993481E-06,9.1013835E-06,9.1039974E-06,9.1055253E-06,9.1075308E-06,9.1086958E-06,9.1100828E-06,9.1131360E-06,9.1159063E-06,9.1197571E-06,9.1245020E-06,9.1267311E-06,9.1281481E-06,9.1305974E-06,9.1336087E-06,9.1363536E-06,9.1377551E-06,9.1403544E-06,9.1441398E-06,9.1471247E-06,9.1501088E-06,9.1515194E-06,9.1519305E-06,9.1553711E-06,9.1591601E-06,9.1612574E-06,9.1642187E-06,9.1667853E-06,9.1686597E-06,9.1727916E-06,9.1741986E-06,9.1736629E-06,9.1762276E-06,9.1800812E-06
9.1814763E-06,9.1802676E-06,9.1814609E-06,9.1842967E-06,9.1867596E-06,9.1874053E-06,9.1868605E-06,9.1871843E-06,9.1877682E-06,9.1878901E-06,9.1891979E-06,9.1915444E-06,9.1930042E-06,9.1944539E-06,9.1945112E-06,9.1940037E-06,9.1946476E-06,9.1962729E-06,9.1961065E-06,9.1956190E-06,9.1965885E-06,9.1973916E-06,9.1984666E-06,9.1977927E-06,9.1978445E-06,9.1979145E-06,9.1977135E-06,9.1975426E-06,9.1976017E-06,9.1978882E-06,9.1966795E-06,9.1968977E-06,9.1975198E-06,9.1973534E-06,9.1966667E-06,9.1960419E-06
9.1949687E-06,9.1930115E-06,9.1913944E-06,9.1919055E-06,9.1911334E-06,9.1884121E-06,9.1882430E-06,9.1892962E-06,9.1893407E-06,9.1890379E-06,9.1894199E-06,9.1893326E-06,9.1888542E-06,9.1890879E-06,9.1885668E-06,9.1874699E-06,9.1874544E-06,9.1855973E-06,9.1844540E-06,9.1844877E-06,9.1824222E-06,9.1803822E-06,9.1796028E-06,9.1800239E-06,9.1798820E-06,9.1808442E-06,9.1812590E-06,9.1797965E-06,9.1803013E-06,9.1791117E-06,9.1759939E-06,9.1769143E-06,9.1784095E-06,9.1764823E-06,9.1744487E-06,9.1721968E-06
9.1705815E-06,9.1691309E-06,9.1679285E-06,9.1675738E-06,9.1661195E-06,9.1641414E-06,9.1634019E-06,9.1637248E-06,9.1629427E-06,9.1637012E-06,9.1647162E-06,9.1640340E-06,9.1629772E-06,9.1616084E-06,9.1609727E-06,9.1611018E-06,9.1597794E-06,9.1574029E-06,9.1550055E-06,9.1536967E-06,9.1542788E-06,9.1543152E-06,9.1538441E-06,9.1538250E-06,9.1531983E-06,9.1516504E-06,9.1504671E-06,9.1497777E-06,9.1488710E-06,9.1489837E-06,9.1497641E-06,9.1490174E-06,9.1485517E-06,9.1468228E-06,9.1450074E-06,9.1452912E-06
9.1440843E-06,9.1400798E-06,9.1370821E-06,9.1374668E-06,9.1380352E-06,9.1366328E-06,9.1338052E-06,9.1335814E-06,9.1359643E-06,9.1383190E-06,9.1385064E-06,9.1374486E-06,9.1374623E-06,9.1373513E-06,9.1371767E-06,9.1380634E-06,9.1377424E-06,9.1363436E-06,9.1365373E-06,9.1359616E-06,9.1340007E-06,9.1334532E-06,9.1337752E-06,9.1343199E-06,9.1350039E-06,9.1349048E-06,9.1347847E-06,9.1343945E-06,9.1341017E-06,9.1344182E-06,9.1347347E-06,9.1332122E-06,9.1319889E-06,9.1326610E-06,9.1336415E-06,9.1317115E-06
9.1285347E-06,9.1272759E-06,9.1264746E-06,9.1257116E-06,9.1257198E-06,9.1254596E-06,9.1249885E-06,9.1265183E-06,9.1274569E-06,9.1275315E-06,9.1288648E-06,9.1301599E-06,9.1307966E-06,9.1315996E-06,9.1327729E-06,9.1335642E-06,9.1346501E-06,9.1364518E-06,9.1374013E-06,9.1374741E-06,9.1386710E-06,9.1391275E-06,9.1392039E-06,9.1403599E-06,9.1417633E-06,9.1428947E-06,9.1423562E-06,9.1435331E-06,9.1461115E-06,9.1480597E-06,9.1493812E-06,9.1511856E-06,9.1534757E-06,9.1549946E-06,9.1566926E-06,9.1577713E-06
9.1570419E-06,9.1568509E-06,9.1571464E-06,9.1580468E-06,9.1592856E-06,9.1604770E-06,9.1629281E-06,9.1645834E-06,9.1675820E-06,9.1708252E-06,9.1719985E-06,9.1739366E-06,9.1769780E-06,9.1788706E-06,9.1808934E-06,9.1837501E-06,9.1858701E-06,9.1881884E-06,9.1914353E-06,9.1935080E-06,9.1949914E-06,9.1977354E-06,9.2002983E-06,9.2018272E-06,9.2024657E-06,9.2053606E-06,9.2083437E-06,9.2097198E-06,9.2131177E-06,9.2168275E-06,9.2186392E-06,9.2216760E-06,9.2252731E-06,9.2271630E-06,9.2275450E-06,9.2281743E-06
9.2279406E-06,9.2283190E-06,9.2304881E-06,9.2326618E-06,9.2341688E-06,9.2350911E-06,9.2364944E-06,9.2383379E-06,9.2419250E-06,9.2449572E-06,9.2468399E-06,9.2490454E-06,9.2507253E-06,9.2527271E-06,9.2545297E-06,9.2562323E-06,9.2578521E-06,9.2595083E-06,9.2612572E-06,9.2617647E-06,9.2628352E-06,9.2643013E-06,9.2652126E-06,9.2660148E-06,9.2674591E-06,9.2679729E-06,9.2681703E-06,9.2685786E-06,9.2693162E-06,9.2714063E-06,9.2734599E-06,9.2753071E-06,9.2763048E-06,9.2762384E-06,9.2766686E-06,9.2758237E-06
9.2733744E-06,9.2729388E-06,9.2731734E-06,9.2723703E-06,9.2721739E-06,9.2714854E-06,9.2703813E-06,9.2707669E-06,9.2725195E-06,9.2729042E-06,9.2724222E-06,9.2731589E-06,9.2737619E-06,9.2730006E-06,9.2726786E-06,9.2729342E-06,9.2712135E-06,9.2694436E-06,9.2689570E-06,9.2685250E-06,9.2670052E-06,9.2660512E-06,9.2663840E-06,9.2659329E-06,9.2635391E-06,9.2606424E-06,9.2604241E-06,9.2599103E-06,9.2581477E-06,9.2580303E-06,9.2574719E-06,9.2562614E-06,9.2559158E-06,9.2554656E-06,9.2537757E-06,9.2507771E-06
9.2467308E-06,9.2428281E-06,9.2407854E-06,9.2391392E-06,9.2385035E-06,9.2372256E-06,9.2337914E-06,9.2310001E-06,9.2294140E-06,9.2296959E-06,9.2303635E-06,9.2292976E-06,9.2263599E-06,9.2240434E-06,9.2234250E-06,9.2227892E-06,9.2194514E-06,9.2158771E-06,9.2160244E-06,9.2165237E-06,9.2155169E-06,9.2144646E-06,9.2130631E-06,9.2112014E-06,9.2082182E-06,9.2066739E-06,9.2078253E-06,9.2076953E-06,9.2058744E-06,9.2041655E-06,9.2037198E-06,9.2032233E-06,9.2029559E-06,9.2027731E-06,9.2007785E-06,9.1974780E-06
9.1955353E-06,9.1944803E-06,9.1921875E-06,9.1909078E-06,9.1902466E-06,9.1904758E-06,9.1897182E-06,9.1880638E-06,9.1878783E-06,9.1879938E-06,9.1875227E-06,9.1877227E-06,9.1877137E-06,9.1872989E-06,9.1874526E-06,9.1858201E-06,9.1851571E-06,9.1846250E-06,9.1831134E-06,9.1820957E-06,9.1814927E-06,9.1808006E-06,9.1804759E-06,9.1799429E-06,9.1787961E-06,9.1779311E-06,9.1755364E-06,9.1732563E-06,9.1720221E-06,9.1709389E-06,9.1712509E-06,9.1713700E-06,9.1703378E-06,9.1689544E-06,9.1663560E-06,9.1634802E-06
9.1621441E-06,9.1606698E-06,9.1598422E-06,9.1614638E-06,9.1619531E-06,9.1600314E-06,9.1596485E-06,9.1604706E-06,9.1617021E-06,9.1628353E-06,9.1620950E-06,9.1610027E-06,9.1591974E-06,9.1584307E-06,9.1582615E-06,9.1575257E-06,9.1571674E-06,9.1564889E-06,9.1552865E-06,9.1540251E-06,9.1530819E-06,9.1529891E-06,9.1516267E-06,9.1485754E-06,9.1464781E-06,9.1454785E-06,9.1437760E-06,9.1415823E-06,9.1420234E-06,9.1416095E-06,9.1397469E-06,9.1395941E-06,9.1379579E-06,9.1347792E-06,9.1321899E-06,9.1286456E-06
9.1241663E-06,9.1216470E-06,9.1204220E-06,9.1187703E-06,9.1165020E-06,9.1146940E-06,9.1137499E-06,9.1135762E-06,9.1136744E-06,9.1118891E-06,9.1101356E-06,9.1097145E-06,9.1086122E-06,9.1064330E-06,9.1051888E-06,9.1045113E-06,9.1031679E-06,9.1021238E-06,9.1008933E-06,9.0993280E-06,9.0967733E-06,9.0949070E-06,9.0946451E-06,9.0941749E-06,9.0925259E-06,9.0904514E-06,9.0904105E-06,9.0910044E-06,9.0903022E-06,9.0875001E-06,9.0852645E-06,9.0836693E-06,9.0800913E-06,9.0780113E-06,9.0764133E-06,9.0719714E-06
9.0682288E-06,9.0657495E-06,9.0622307E-06,9.0578696E-06,9.0529593E-06,9.0474305E-06,9.0434642E-06,9.0409685E-06,9.0368303E-06,9.0329095E-06,9.0294261E-06,9.0242502E-06,9.0199228E-06,9.0160302E-06,9.0113190E-06,9.0067724E-06,9.0026724E-06,8.9992573E-06,8.9961895E-06,8.9931855E-06,8.9918458E-06,8.9907235E-06,8.9890909E-06,8.9880787E-06,8.9873401E-06,8.9859641E-06,8.9833138E-06,8.9821005E-06,8.9808309E-06,8.9786854E-06,8.9780879E-06,8.9759733E-06,8.9729974E-06,8.9685527E-06,8.9635714E-06,8.9604982E-06
8.9561518E-06,8.9531986E-06,8.9517025E-06,8.9497726E-06,8.9474897E-06,8.9464693E-06,8.9447494E-06,8.9433279E-06,8.9447531E-06,8.9463328E-06,8.9461146E-06,8.9439836E-06,8.9438490E-06,8.9445421E-06,8.9433279E-06,8.9414943E-06,8.9399200E-06,8.9400073E-06,8.9407677E-06,8.9393561E-06,8.9385121E-06,8.9406003E-06,8.9414707E-06,8.9426821E-06,8.9452515E-06,8.9461810E-06,8.9461919E-06,8.9480000E-06,8.9514251E-06,8.9533623E-06,8.9539408E-06,8.9541727E-06,8.9541800E-06,8.9532450E-06,8.9517407E-06,8.9511732E-06
8.9499435E-06,8.9460454E-06,8.9416126E-06,8.9379400E-06,8.9338864E-06,8.9292916E-06,8.9246851E-06,8.9209971E-06,8.9181476E-06,8.9152490E-06,8.9117284E-06,8.9080004E-06,8.9044006E-06,8.9013665E-06,8.8980487E-06,8.8939141E-06,8.8910665E-06,8.8879497E-06,8.8842344E-06,8.8829820E-06,8.8801880E-06,8.8770912E-06,8.8761017E-06,8.8737934E-06,8.8723009E-06,8.8711649E-06,8.8689248E-06,8.8663728E-06,8.8641464E-06,8.8618044E-06,8.8604538E-06,8.8593797E-06,8.8575653E-06,8.8563656E-06,8.8554880E-06,8.8546922E-06
8.8531797E-06,8.8510669E-06,8.8492379E-06,8.8480538E-06,8.8469878E-06,8.8461211E-06,8.8453853E-06,8.8453462E-06,8.8457391E-06,8.8449706E-06,8.8442084E-06,8.8448423E-06,8.8445322E-06,8.8426141E-06,8.8419611E-06,8.8425158E-06,8.8429433E-06,8.8418319E-06,8.8411134E-06,8.8409033E-06,8.8402958E-06,8.8403212E-06,8.8397219E-06,8.8391171E-06,8.8389088E-06,8.8389997E-06,8.8384640E-06,8.8386723E-06,8.8397937E-06,8.8402894E-06,8.8406505E-06,8.8397837E-06,8.8383967E-06,8.8375873E-06,8.8365659E-06,8.8341294E-06
8.8323286E-06,8.8312327E-06,8.8302831E-06,8.8298848E-06,8.8284551E-06,8.8267952E-06,8.8257657E-06,8.8265706E-06,8.8288853E-06,8.8305305E-06,8.8296811E-06,8.8302004E-06,8.8308043E-06,8.8288398E-06,8.8285769E-06,8.8287434E-06,8.8280694E-06,8.8288725E-06,8.8299903E-06,8.8289971E-06,8.8296274E-06,8.8304505E-06,8.8310335E-06,8.8311854E-06,8.8300276E-06,8.8298038E-06,8.8295474E-06,8.8294437E-06,8.8295064E-06,8.8295974E-06,8.8293800E-06,8.8282177E-06,8.8263177E-06,8.8250590E-06,8.8240540E-06,8.8237111E-06
8.8242841E-06,8.8232773E-06,8.8217002E-06,8.8206743E-06,8.8202023E-06,8.8202878E-06,8.8193237E-06,8.8188117E-06,8.8192610E-06,8.8195466E-06,8.8184361E-06,8.8170827E-06,8.8174929E-06,8.8181287E-06,8.8202287E-06,8.8230172E-06,8.8221595E-06,8.8208717E-06,8.8199858E-06,8.8189126E-06,8.8195184E-06,8.8204169E-06,8.8210190E-06,8.8212218E-06,8.8206234E-06,8.8196166E-06,8.8181532E-06,8.8177239E-06,8.8194447E-06,8.8209417E-06,8.8212309E-06,8.8202942E-06,8.8197939E-06,8.8196812E-06,8.8190991E-06,8.8167399E-06
8.8152610E-06,8.8150473E-06,8.8143079E-06,8.8135630E-06,8.8124070E-06,8.8117877E-06,8.8118859E-06,8.8129791E-06,8.8129973E-06,8.8132765E-06,8.8146462E-06,8.8140878E-06,8.8125216E-06,8.8132065E-06,8.8144088E-06,8.8138759E-06,8.8137995E-06,8.8145443E-06,8.8166234E-06,8.8180122E-06,8.8171955E-06,8.8161414E-06,8.8159813E-06,8.8169245E-06,8.8166644E-06,8.8153320E-06,8.8161678E-06,8.8172628E-06,8.8167280E-06,8.8160186E-06,8.8157640E-06,8.8152919E-06,8.8140568E-06,8.8134384E-06,8.8120714E-06,8.8113820E-06
8.8108063E-06,8.8087108E-06,8.8061879E-06,8.8056422E-06,8.8068646E-06,8.8066399E-06,8.8073175E-06,8.8101669E-06,8.8127208E-06,8.8128982E-06,8.8129409E-06,8.8143679E-06,8.8140341E-06,8.8133502E-06,8.8124416E-06,8.8099796E-06,8.8087536E-06,8.8098923E-06,8.8104471E-06,8.8098668E-06,8.8116558E-06,8.8121023E-06,8.8108745E-06,8.8119659E-06,8.8127899E-06,8.8128527E-06,8.8125025E-06,8.8134211E-06,8.8157067E-06,8.8148927E-06,8.8136785E-06,8.8138295E-06,8.8130573E-06,8.8116994E-06,8.8105435E-06,8.8098423E-06
8.8096194E-06,8.8098995E-06,8.8095921E-06,8.8086699E-06,8.8086690E-06,8.8088918E-06,8.8082279E-06,8.8092765E-06,8.8101087E-06,8.8110000E-06,8.8130009E-06,8.8122779E-06,8.8106990E-06,8.8105007E-06,8.8121997E-06,8.8139550E-06,8.8150027E-06,8.8153756E-06,8.8157985E-06,8.8164443E-06,8.8155448E-06,8.8150600E-06,8.8160632E-06,8.8162296E-06,8.8159804E-06,8.8160732E-06,8.8148408E-06,8.8149391E-06,8.8159268E-06,8.8162960E-06,8.8166098E-06,8.8169991E-06,8.8162951E-06,8.8135112E-06,8.8120960E-06,8.8112001E-06
8.8103789E-06,8.8108827E-06,8.8093175E-06,8.8065399E-06,8.8062252E-06,8.8070965E-06,8.8086990E-06,8.8099241E-06,8.8103261E-06,8.8103570E-06,8.8083361E-06,8.8077313E-06,8.8090774E-06,8.8103952E-06,8.8113038E-06,8.8102543E-06,8.8108454E-06,8.8111783E-06,8.8101569E-06,8.8103279E-06,8.8112156E-06,8.8106290E-06,8.8093184E-06,8.8105899E-06,8.8112947E-06,8.8120250E-06,8.8116976E-06,8.8101979E-06,8.8099487E-06,8.8103870E-06,8.8108236E-06,8.8113520E-06,8.8114593E-06,8.8094448E-06,8.8094775E-06,8.8087327E-06
8.8066545E-06,8.8071101E-06,8.8075276E-06,8.8060688E-06,8.8048664E-06,8.8051238E-06,8.8057413E-06,8.8060406E-06,8.8059078E-06,8.8074976E-06,8.8079723E-06,8.8076395E-06,8.8083971E-06,8.8088700E-06,8.8085098E-06,8.8087472E-06,8.8091428E-06,8.8092984E-06,8.8095576E-06,8.8089246E-06,8.8086699E-06,8.8091356E-06,8.8088700E-06,8.8097731E-06,8.8097713E-06,8.8088136E-06,8.8087972E-06,8.8087445E-06,8.8101324E-06,8.8103152E-06,8.8086799E-06,8.8081178E-06,8.8102115E-06,8.8106881E-06,8.8088609E-06,8.8081670E-06
8.8083798E-06,8.8069682E-06,8.8055494E-06,8.8053812E-06,8.8051574E-06,8.8054830E-06,8.8070401E-06,8.8081479E-06,8.8085280E-06,8.8088882E-06,8.8091183E-06,8.8090255E-06,8.8087399E-06,8.8108827E-06,8.8119450E-06,8.8108654E-06,8.8113129E-06,8.8119259E-06,8.8112356E-06,8.8111556E-06,8.8118550E-06,8.8128327E-06,8.8142706E-06,8.8150000E-06,8.8151046E-06,8.8154720E-06,8.8157085E-06,8.8167726E-06,8.8181150E-06,8.8173538E-06,8.8165852E-06,8.8157240E-06,8.8157221E-06,8.8155357E-06,8.8128718E-06,8.8115858E-06
8.8112411E-06,8.8087354E-06,8.8057704E-06,8.8060797E-06,8.8064435E-06,8.8053675E-06,8.8058077E-06,8.8067018E-06,8.8075185E-06,8.8093020E-06,8.8093448E-06,8.8089364E-06,8.8104971E-06,8.8116358E-06,8.8124216E-06,8.8136567E-06,8.8135048E-06,8.8113602E-06,8.8109882E-06,8.8114175E-06,8.8119741E-06,8.8120223E-06,8.8109991E-06,8.8112656E-06,8.8118195E-06,8.8122815E-06,8.8118704E-06,8.8110155E-06,8.8119959E-06,8.8134811E-06,8.8137413E-06,8.8123270E-06,8.8111401E-06,8.8105244E-06,8.8095794E-06,8.8083516E-06
8.8084462E-06,8.8100587E-06,8.8105762E-06,8.8100496E-06,8.8084944E-06,8.8065226E-06,8.8060960E-06,8.8066718E-06,8.8074858E-06,8.8080378E-06,8.8077322E-06,8.8085899E-06,8.8095157E-06,8.8097322E-06,8.8088882E-06,8.8085135E-06,8.8098732E-06,8.8102315E-06,8.8095785E-06,8.8097295E-06,8.8095712E-06,8.8114439E-06,8.8119241E-06,8.8106763E-06,8.8110228E-06,8.8115430E-06,8.8130982E-06,8.8141851E-06,8.8133856E-06,8.8138286E-06,8.8149900E-06,8.8143042E-06,8.8139577E-06,8.8128363E-06,8.8112947E-06,8.8118159E-06
8.8135730E-06,8.8142979E-06,8.8127899E-06,8.8105962E-06,8.8111683E-06,8.8110928E-06,8.8119395E-06,8.8141105E-06,8.8147071E-06,8.8147599E-06,8.8144507E-06,8.8153074E-06,8.8158613E-06,8.8168399E-06,8.8172919E-06,8.8177303E-06,8.8192228E-06,8.8199604E-06,8.8196602E-06,8.8182614E-06,8.8178422E-06,8.8179904E-06,8.8187553E-06,8.8189263E-06,8.8183160E-06,8.8192792E-06,8.8201023E-06,8.8199431E-06,8.8194956E-06,8.8193174E-06,8.8193246E-06,8.8194911E-06,8.8199249E-06,8.8199758E-06,8.8184552E-06,8.8173438E-06
8.8188453E-06,8.8195884E-06,8.8179822E-06,8.8169509E-06,8.8160095E-06,8.8167653E-06,8.8197612E-06,8.8215293E-06,8.8216948E-06,8.8200359E-06,8.8201741E-06,8.8224278E-06,8.8233855E-06,8.8233091E-06,8.8239076E-06,8.8246470E-06,8.8248043E-06,8.8244415E-06,8.8243805E-06,8.8261186E-06,8.8263387E-06,8.8255037E-06,8.8260476E-06,8.8273200E-06,8.8293937E-06,8.8298439E-06,8.8287925E-06,8.8289262E-06,8.8294464E-06,8.8302340E-06,8.8316228E-06,8.8320348E-06,8.8303905E-06,8.8294810E-06,8.8310444E-06,8.8324068E-06
8.8330898E-06,8.8326751E-06,8.8313518E-06,8.8292472E-06,8.8283259E-06,8.8301285E-06,8.8326451E-06,8.8339848E-06,8.8332790E-06,8.8316055E-06,8.8317683E-06,8.8321440E-06,8.8321112E-06,8.8326169E-06,8.8319684E-06,8.8318538E-06,8.8325351E-06,8.8324305E-06,8.8331199E-06,8.8355327E-06,8.8366933E-06,8.8371426E-06,8.8376528E-06,8.8389070E-06,8.8399520E-06,8.8393781E-06,8.8394454E-06,8.8411025E-06,8.8424576E-06,8.8413590E-06,8.8403603E-06,8.8408260E-06,8.8394281E-06,8.8371207E-06,8.8365905E-06,8.8377801E-06
8.8404040E-06,8.8400511E-06,8.8386660E-06,8.8390834E-06,8.8404604E-06,8.8411034E-06,8.8410961E-06,8.8422630E-06,8.8428969E-06,8.8437609E-06,8.8450515E-06,8.8451261E-06,8.8443603E-06,8.8432625E-06,8.8442221E-06,8.8471461E-06,8.8486640E-06,8.8492543E-06,8.8501556E-06,8.8502375E-06,8.8501620E-06,8.8506968E-06,8.8512515E-06,8.8535253E-06,8.8573488E-06,8.8600000E-06,8.8618581E-06,8.8647657E-06,8.8673041E-06,8.8711240E-06,8.8746183E-06,8.8784127E-06,8.8834777E-06,8.8875695E-06,8.8904399E-06,8.8948800E-06
8.9007817E-06,8.9068817E-06,8.9118894E-06,8.9162604E-06,8.9242858E-06,8.9314872E-06,8.9370005E-06,8.9441246E-06,8.9503292E-06,8.9550613E-06,8.9605783E-06,8.9670793E-06,8.9714022E-06,8.9739788E-06,8.9775976E-06,8.9793193E-06,8.9797641E-06,8.9815567E-06,8.9828864E-06,8.9847590E-06,8.9869045E-06,8.9876667E-06,8.9876194E-06,8.9877785E-06,8.9891355E-06,8.9914374E-06,8.9947653E-06,8.9995556E-06,9.0046715E-06,9.0086951E-06,9.0144294E-06,9.0215353E-06,9.0286667E-06,9.0387202E-06,9.0510584E-06,9.0625772E-06
9.0757749E-06,9.0885487E-06,9.1012052E-06,9.1158445E-06,9.1313341E-06,9.1484671E-06,9.1635893E-06,9.1770617E-06,9.1904940E-06,9.2039318E-06,9.2175096E-06,9.2294049E-06,9.2394621E-06,9.2479277E-06,9.2539003E-06,9.2597775E-06,9.2666432E-06,9.2725068E-06,9.2764776E-06,9.2789214E-06,9.2815680E-06,9.2831551E-06,9.2837045E-06,9.2849468E-06,9.2853079E-06,9.2857226E-06,9.2873079E-06,9.2871824E-06,9.2858527E-06,9.2847258E-06,9.2839300E-06,9.2845421E-06,9.2838491E-06,9.2830860E-06,9.2826776E-06,9.2823611E-06
9.2824957E-06,9.2831215E-06,9.2818718E-06,9.2802702E-06,9.2808395E-06,9.2804639E-06,9.2798236E-06,9.2792543E-06,9.2796263E-06,9.2807368E-06,9.2812925E-06,9.2818573E-06,9.2830860E-06,9.2836681E-06,9.2837927E-06,9.2844739E-06,9.2843420E-06,9.2835062E-06,9.2840664E-06,9.2834452E-06,9.2825885E-06,9.2824312E-06,9.2810978E-06,9.2816281E-06,9.2828941E-06,9.2831597E-06,9.2840000E-06,9.2838509E-06,9.2833015E-06,9.2833643E-06,9.2828104E-06,9.2821656E-06,9.2834762E-06,9.2860118E-06,9.2847822E-06,9.2824748E-06
9.2844739E-06,9.2826713E-06,9.2771615E-06,9.2761656E-06,9.2762320E-06,9.2756991E-06,9.2769105E-06,9.2789605E-06,9.2781083E-06,9.2760238E-06,9.2763066E-06,9.2773826E-06,9.2783493E-06,9.2784548E-06,9.2803575E-06,9.2815881E-06,9.2795753E-06,9.2799428E-06,9.2807095E-06,9.2796026E-06,9.2804894E-06,9.2809332E-06,9.2801138E-06,9.2820283E-06,9.2830614E-06,9.2828704E-06,9.2831497E-06,9.2835107E-06,9.2840946E-06,9.2836435E-06,9.2828432E-06,9.2835862E-06,9.2839773E-06,9.2829305E-06,9.2821656E-06,9.2824830E-06
9.2829887E-06,9.2812706E-06,9.2784076E-06,9.2782793E-06,9.2798045E-06,9.2792979E-06,9.2791797E-06,9.2807413E-06,9.2793925E-06,9.2768341E-06,9.2781456E-06,9.2819782E-06,9.2839464E-06,9.2818518E-06,9.2810824E-06,9.2824584E-06,9.2833688E-06,9.2829441E-06,9.2833607E-06,9.2841228E-06,9.2834416E-06,9.2837499E-06,9.2842247E-06,9.2846440E-06,9.2842665E-06,9.2835153E-06,9.2842065E-06,9.2848986E-06,9.2846749E-06,9.2848777E-06,9.2842647E-06,9.2839873E-06,9.2841637E-06,9.2835444E-06,9.2835571E-06,9.2828686E-06
9.2836781E-06,9.2833015E-06,9.2805922E-06,9.2813561E-06,9.2810860E-06,9.2815298E-06,9.2821538E-06,9.2800383E-06,9.2804757E-06,9.2823820E-06,9.2833134E-06,9.2832006E-06,9.2822502E-06,9.2817290E-06,9.2837790E-06,9.2845994E-06,9.2837799E-06,9.2849777E-06,9.2864084E-06,9.2863565E-06,9.2860400E-06,9.2868067E-06,9.2872970E-06,9.2862301E-06,9.2852379E-06,9.2848068E-06,9.2846803E-06,9.2864084E-06,9.2874370E-06,9.2877735E-06,9.2886503E-06,9.2885893E-06,9.2879127E-06,9.2873652E-06,9.2871569E-06,9.2878508E-06
9.2891205E-06,9.2884156E-06,9.2854689E-06,9.2844566E-06,9.2844357E-06,9.2842229E-06,9.2850678E-06,9.2847440E-06,9.2841583E-06,9.2843302E-06,9.2850187E-06,9.2862301E-06,9.2858363E-06,9.2851669E-06,9.2858781E-06,9.2863893E-06,9.2855334E-06,9.2851342E-06,9.2860573E-06,9.2864320E-06,9.2866685E-06,9.2872815E-06,9.2874870E-06,9.2874252E-06,9.2884211E-06,9.2886576E-06,9.2882246E-06,9.2885193E-06,9.2886776E-06,9.2890596E-06,9.2896198E-06,9.2901646E-06,9.2904447E-06,9.2907858E-06,9.2907931E-06,9.2901928E-06
9.2893924E-06,9.2881310E-06,9.2875825E-06,9.2874743E-06,9.2871542E-06,9.2872542E-06,9.2874434E-06,9.2872851E-06,9.2868058E-06,9.2867503E-06,9.2871078E-06,9.2884675E-06,9.2901000E-06,9.2909031E-06,9.2905720E-06,9.2896898E-06,9.2895862E-06,9.2896353E-06,9.2905957E-06,9.2910159E-06,9.2907248E-06,9.2894143E-06,9.2889404E-06,9.2894252E-06,9.2888658E-06,9.2886084E-06,9.2879709E-06,9.2868122E-06,9.2862901E-06,9.2859154E-06,9.2854516E-06,9.2856471E-06,9.2860619E-06,9.2867831E-06,9.2864329E-06,9.2874243E-06
