8.7897415E-06,8.7893559E-06,8.7896496E-06,8.7895560E-06,8.7898416E-06,8.7910384E-06,8.7917388E-06,8.7912904E-06,8.7912058E-06,8.7904436E-06,8.7902326E-06,8.7905237E-06,8.7903545E-06,8.7902836E-06,8.7926965E-06,8.7934450E-06,8.7907692E-06,8.7899525E-06,8.7901326E-06,8.7901253E-06,8.7900080E-06,8.7905273E-06,8.7913831E-06,8.7926028E-06,8.7934368E-06,8.7929984E-06,8.7923108E-06,8.7922017E-06,8.7924318E-06,8.7912340E-06,8.7907083E-06,8.7913804E-06,8.7917851E-06,8.7939825E-06,8.7962662E-06,8.7959443E-06
8.7952467E-06,8.7938206E-06,8.7916269E-06,8.7907720E-06,8.7900671E-06,8.7905937E-06,8.7911312E-06,8.7904436E-06,8.7904709E-06,8.7910530E-06,8.7908202E-06,8.7901280E-06,8.7907838E-06,8.7919780E-06,8.7926310E-06,8.7928720E-06,8.7922326E-06,8.7944045E-06,8.7955159E-06,8.7940116E-06,8.7923763E-06,8.7906583E-06,8.7910857E-06,8.7908429E-06,8.7903427E-06,8.7904673E-06,8.7912495E-06,8.7923845E-06,8.7926892E-06,8.7927556E-06,8.7926783E-06,8.7922344E-06,8.7923554E-06,8.7923445E-06,8.7935741E-06,8.7957669E-06
8.7964663E-06,8.7949047E-06,8.7925455E-06,8.7924236E-06,8.7927592E-06,8.7921489E-06,8.7916787E-06,8.7928374E-06,8.7934877E-06,8.7929566E-06,8.7927565E-06,8.7930284E-06,8.7936132E-06,8.7938797E-06,8.7940471E-06,8.7931849E-06,8.7928229E-06,8.7927601E-06,8.7926746E-06,8.7922890E-06,8.7908293E-06,8.7917224E-06,8.7942499E-06,8.7944900E-06,8.7945527E-06,8.7945082E-06,8.7934650E-06,8.7942662E-06,8.7959388E-06,8.7963908E-06,8.7943763E-06,8.7910921E-06,8.7911458E-06,8.7921480E-06,8.7925418E-06,8.7956268E-06
8.7974431E-06,8.7940880E-06,8.7899407E-06,8.7902090E-06,8.7912958E-06,8.7909029E-06,8.7906328E-06,8.7910776E-06,8.7923463E-06,8.7925537E-06,8.7932376E-06,8.7942481E-06,8.7920143E-06,8.7903891E-06,8.7927592E-06,8.7933649E-06,8.7915969E-06,8.7899798E-06,8.7898643E-06,8.7922472E-06,8.7929739E-06,8.7937060E-06,8.7954268E-06,8.7956523E-06,8.7959834E-06,8.7970284E-06,8.7988265E-06,8.7997460E-06,8.7994276E-06,8.7989583E-06,8.7974022E-06,8.7965773E-06,8.7967273E-06,8.7958351E-06,8.7977814E-06,8.8002935E-06
8.7993221E-06,8.7968265E-06,8.7938179E-06,8.7938743E-06,8.7953485E-06,8.7948338E-06,8.7952894E-06,8.7970238E-06,8.7967192E-06,8.7945873E-06,8.7925746E-06,8.7912176E-06,8.7920980E-06,8.7938351E-06,8.7938497E-06,8.7928174E-06,8.7930912E-06,8.7930975E-06,8.7918488E-06,8.7935668E-06,8.7952258E-06,8.7950557E-06,8.7955941E-06,8.7954795E-06,8.7958679E-06,8.7967728E-06,8.7962107E-06,8.7975277E-06,8.7991202E-06,8.7978642E-06,8.7957023E-06,8.7948465E-06,8.7938915E-06,8.7951666E-06,8.7978233E-06,8.7990556E-06
8.8007591E-06,8.7990729E-06,8.7963053E-06,8.7950275E-06,8.7930657E-06,8.7937942E-06,8.7951412E-06,8.7952731E-06,8.7956114E-06,8.7954277E-06,8.7953358E-06,8.7966046E-06,8.7982717E-06,8.7990065E-06,8.7995877E-06,8.7996032E-06,8.7990302E-06,8.7976541E-06,8.7979406E-06,8.7996968E-06,8.8006927E-06,8.8001634E-06,8.7999124E-06,8.8001998E-06,8.7999788E-06,8.7998451E-06,8.8011338E-06,8.8015213E-06,8.8009629E-06,8.8028564E-06,8.8036113E-06,8.8016504E-06,8.8008437E-06,8.8011002E-06,8.8014285E-06,8.8028264E-06
8.8042416E-06,8.8025263E-06,8.7991502E-06,8.7976532E-06,8.7984845E-06,8.7980843E-06,8.7985099E-06,8.8008937E-06,8.7995804E-06,8.7985591E-06,8.7991420E-06,8.8000679E-06,8.8004663E-06,8.7998660E-06,8.7994167E-06,8.7980816E-06,8.7969547E-06,8.7979160E-06,8.7993085E-06,8.7986700E-06,8.7988228E-06,8.8008128E-06,8.8003262E-06,8.7997141E-06,8.8002826E-06,8.7991202E-06,8.7976368E-06,8.7985963E-06,8.8008610E-06,8.8005363E-06,8.7997878E-06,8.7997469E-06,8.7971885E-06,8.7951830E-06,8.7953394E-06,8.7953767E-06
8.7972039E-06,8.7957724E-06,8.7920280E-06,8.7926182E-06,8.7941789E-06,8.7946810E-06,8.7947219E-06,8.7944427E-06,8.7959133E-06,8.7967292E-06,8.7959497E-06,8.7959352E-06,8.7960489E-06,8.7960989E-06,8.7956705E-06,8.7957560E-06,8.7953767E-06,8.7955022E-06,8.7967655E-06,8.7967846E-06,8.7967182E-06,8.7972967E-06,8.7957778E-06,8.7943945E-06,8.7946046E-06,8.7942835E-06,8.7935714E-06,8.7941316E-06,8.7948201E-06,8.7948865E-06,8.7941080E-06,8.7920571E-06,8.7909975E-06,8.7905864E-06,8.7912485E-06,8.7929429E-06
8.7937651E-06,8.7928574E-06,8.7903727E-06,8.7898234E-06,8.7912595E-06,8.7912895E-06,8.7914686E-06,8.7907138E-06,8.7890758E-06,8.7885537E-06,8.7893968E-06,8.7899225E-06,8.7900253E-06,8.7907256E-06,8.7908274E-06,8.7902217E-06,8.7892604E-06,8.7895796E-06,8.7912813E-06,8.7928356E-06,8.7936587E-06,8.7938533E-06,8.7934295E-06,8.7930775E-06,8.7941744E-06,8.7952949E-06,8.7943890E-06,8.7936005E-06,8.7932003E-06,8.7934504E-06,8.7937124E-06,8.7934941E-06,8.7932567E-06,8.7922681E-06,8.7923636E-06,8.7920571E-06
8.7914277E-06,8.7902254E-06,8.7893331E-06,8.7898225E-06,8.7884364E-06,8.7884809E-06,8.7899434E-06,8.7912685E-06,8.7913531E-06,8.7897779E-06,8.7898470E-06,8.7891758E-06,8.7889066E-06,8.7891385E-06,8.7879471E-06,8.7882800E-06,8.7896824E-06,8.7892849E-06,8.7887593E-06,8.7899143E-06,8.7918133E-06,8.7925619E-06,8.7924081E-06,8.7927556E-06,8.7932176E-06,8.7926946E-06,8.7914495E-06,8.7911667E-06,8.7917670E-06,8.7918725E-06,8.7900526E-06,8.7884337E-06,8.7885828E-06,8.7892504E-06,8.7901790E-06,8.7892686E-06
8.7886874E-06,8.7886592E-06,8.7864300E-06,8.7853214E-06,8.7857179E-06,8.7853414E-06,8.7853514E-06,8.7861281E-06,8.7865819E-06,8.7875696E-06,8.7868975E-06,8.7851849E-06,8.7852595E-06,8.7867284E-06,8.7874241E-06,8.7874087E-06,8.7883291E-06,8.7899061E-06,8.7911530E-06,8.7905364E-06,8.7904391E-06,8.7910221E-06,8.7906174E-06,8.7917597E-06,8.7930230E-06,8.7915996E-06,8.7901717E-06,8.7906792E-06,8.7916460E-06,8.7915769E-06,8.7904673E-06,8.7901899E-06,8.7900371E-06,8.7891394E-06,8.7885592E-06,8.7872704E-06
8.7866110E-06,8.7862509E-06,8.7847675E-06,8.7840935E-06,8.7843118E-06,8.7848421E-06,8.7843000E-06,8.7842036E-06,8.7847184E-06,8.7833923E-06,8.7815424E-06,8.7804046E-06,8.7809203E-06,8.7820636E-06,8.7828603E-06,8.7835269E-06,8.7857597E-06,8.7870949E-06,8.7862345E-06,8.7864664E-06,8.7855824E-06,8.7851295E-06,8.7853850E-06,8.7847866E-06,8.7849039E-06,8.7861454E-06,8.7866092E-06,8.7864355E-06,8.7867220E-06,8.7871067E-06,8.7870912E-06,8.7872522E-06,8.7864100E-06,8.7857825E-06,8.7844337E-06,8.7823246E-06
8.7822073E-06,8.7805238E-06,8.7791959E-06,8.7797698E-06,8.7805592E-06,8.7809876E-06,8.7803910E-06,8.7793287E-06,8.7807184E-06,8.7815824E-06,8.7803382E-06,8.7794078E-06,8.7792414E-06,8.7802800E-06,8.7817270E-06,8.7836343E-06,8.7832113E-06,8.7817798E-06,8.7815315E-06,8.7823901E-06,8.7840390E-06,8.7846156E-06,8.7846429E-06,8.7841799E-06,8.7839880E-06,8.7848539E-06,8.7848039E-06,8.7834178E-06,8.7841454E-06,8.7848348E-06,8.7846156E-06,8.7856106E-06,8.7844810E-06,8.7831295E-06,8.7822173E-06,8.7806029E-06
8.7801982E-06,8.7799381E-06,8.7805274E-06,8.7812978E-06,8.7812623E-06,8.7797371E-06,8.7780909E-06,8.7773214E-06,8.7768640E-06,8.7771223E-06,8.7779754E-06,8.7793769E-06,8.7804019E-06,8.7800890E-06,8.7805602E-06,8.7810931E-06,8.7812132E-06,8.7820272E-06,8.7819862E-06,8.7826838E-06,8.7826156E-06,8.7823828E-06,8.7833423E-06,8.7829012E-06,8.7819280E-06,8.7815588E-06,8.7821945E-06,8.7814778E-06,8.7808721E-06,8.7822000E-06,8.7823719E-06,8.7819872E-06,8.7818862E-06,8.7815642E-06,8.7800308E-06,8.7782328E-06
8.7780199E-06,8.7773678E-06,8.7756207E-06,8.7753788E-06,8.7760563E-06,8.7765666E-06,8.7758581E-06,8.7752423E-06,8.7756944E-06,8.7754979E-06,8.7743465E-06,8.7743338E-06,8.7756653E-06,8.7761864E-06,8.7764074E-06,8.7769868E-06,8.7786566E-06,8.7780709E-06,8.7768594E-06,8.7775361E-06,8.7776580E-06,8.7768058E-06,8.7757362E-06,8.7767548E-06,8.7774015E-06,8.7786057E-06,8.7796616E-06,8.7793560E-06,8.7800545E-06,8.7783974E-06,8.7775988E-06,8.7785593E-06,8.7779463E-06,8.7771277E-06,8.7780318E-06,8.7778726E-06
8.7761737E-06,8.7763219E-06,8.7760427E-06,8.7747740E-06,8.7734079E-06,8.7727094E-06,8.7726275E-06,8.7719372E-06,8.7716007E-06,8.7712360E-06,8.7709004E-06,8.7726194E-06,8.7743292E-06,8.7736707E-06,8.7739554E-06,8.7758963E-06,8.7762783E-06,8.7752360E-06,8.7747067E-06,8.7743047E-06,8.7745475E-06,8.7743456E-06,8.7730632E-06,8.7736425E-06,8.7750905E-06,8.7748722E-06,8.7738190E-06,8.7740545E-06,8.7742892E-06,8.7740254E-06,8.7746202E-06,8.7745930E-06,8.7737217E-06,8.7743247E-06,8.7734879E-06,8.7713552E-06
8.7706285E-06,8.7704993E-06,8.7706048E-06,8.7706849E-06,8.7700591E-06,8.7698245E-06,8.7702874E-06,8.7704711E-06,8.7700882E-06,8.7702301E-06,8.7714898E-06,8.7729868E-06,8.7733651E-06,8.7733497E-06,8.7733370E-06,8.7730968E-06,8.7725248E-06,8.7715662E-06,8.7729395E-06,8.7740655E-06,8.7724902E-06,8.7722965E-06,8.7733151E-06,8.7744329E-06,8.7749286E-06,8.7747803E-06,8.7759690E-06,8.7755052E-06,8.7764965E-06,8.7789267E-06,8.7777907E-06,8.7767121E-06,8.7756425E-06,8.7734843E-06,8.7720573E-06,8.7699982E-06
8.7694125E-06,8.7690269E-06,8.7675316E-06,8.7682383E-06,8.7699691E-06,8.7697163E-06,8.7676390E-06,8.7679100E-06,8.7687740E-06,8.7691342E-06,8.7712106E-06,8.7719636E-06,8.7717080E-06,8.7719491E-06,8.7727103E-06,8.7735725E-06,8.7738763E-06,8.7736107E-06,8.7732596E-06,8.7740609E-06,8.7746603E-06,8.7742364E-06,8.7733151E-06,8.7729550E-06,8.7739054E-06,8.7726185E-06,8.7695107E-06,8.7688741E-06,8.7708449E-06,8.7727385E-06,8.7724757E-06,8.7729550E-06,8.7749204E-06,8.7751132E-06,8.7747148E-06,8.7729522E-06
8.7703347E-06,8.7686330E-06,8.7676526E-06,8.7670123E-06,8.7665549E-06,8.7667149E-06,8.7673461E-06,8.7676590E-06,8.7677872E-06,8.7684393E-06,8.7697099E-06,8.7703656E-06,8.7699809E-06,8.7704220E-06,8.7719891E-06,8.7724184E-06,8.7712233E-06,8.7712451E-06,8.7709704E-06,8.7701246E-06,8.7699245E-06,8.7702720E-06,8.7712988E-06,8.7727576E-06,8.7732842E-06,8.7723683E-06,8.7724666E-06,8.7726321E-06,8.7727694E-06,8.7730641E-06,8.7741910E-06,8.7748331E-06,8.7741118E-06,8.7741819E-06,8.7739927E-06,8.7739691E-06
8.7724666E-06,8.7711242E-06,8.7706348E-06,8.7703456E-06,8.7705912E-06,8.7701792E-06,8.7692824E-06,8.7691105E-06,8.7690460E-06,8.7675862E-06,8.7675908E-06,8.7699564E-06,8.7721628E-06,8.7713342E-06,8.7706521E-06,8.7711642E-06,8.7717462E-06,8.7735534E-06,8.7734043E-06,8.7724265E-06,8.7722819E-06,8.7716826E-06,8.7709204E-06,8.7711314E-06,8.7709122E-06,8.7702510E-06,8.7707685E-06,8.7707422E-06,8.7707749E-06,8.7710996E-06,8.7716853E-06,8.7729222E-06,8.7739954E-06,8.7744002E-06,8.7729504E-06,8.7713242E-06
8.7704157E-06,8.7686867E-06,8.7674916E-06,8.7671269E-06,8.7661010E-06,8.7651933E-06,8.7642302E-06,8.7640647E-06,8.7655744E-06,8.7662984E-06,8.7665212E-06,8.7677617E-06,8.7685139E-06,8.7676699E-06,8.7671615E-06,8.7679937E-06,8.7705175E-06,8.7722947E-06,8.7729040E-06,8.7729286E-06,8.7727176E-06,8.7725866E-06,8.7713552E-06,8.7701610E-06,8.7706558E-06,8.7713470E-06,8.7703211E-06,8.7699063E-06,8.7712924E-06,8.7719891E-06,8.7717881E-06,8.7717672E-06,8.7708622E-06,8.7703747E-06,8.7716316E-06,8.7730987E-06
8.7712397E-06,8.7683475E-06,8.7680337E-06,8.7683575E-06,8.7684539E-06,8.7686949E-06,8.7676353E-06,8.7671815E-06,8.7684348E-06,8.7694398E-06,8.7693870E-06,8.7693324E-06,8.7711369E-06,8.7704611E-06,8.7693124E-06,8.7703684E-06,8.7700555E-06,8.7701728E-06,8.7697526E-06,8.7703138E-06,8.7713788E-06,8.7706394E-06,8.7713515E-06,8.7723965E-06,8.7734725E-06,8.7748776E-06,8.7744174E-06,8.7730259E-06,8.7736307E-06,8.7734961E-06,8.7723793E-06,8.7722210E-06,8.7725184E-06,8.7712815E-06,8.7707440E-06,8.7712915E-06
8.7702274E-06,8.7697335E-06,8.7693197E-06,8.7690751E-06,8.7684311E-06,8.7677063E-06,8.7677545E-06,8.7672788E-06,8.7670296E-06,8.7690778E-06,8.7698154E-06,8.7701164E-06,8.7721974E-06,8.7738290E-06,8.7744065E-06,8.7730050E-06,8.7713852E-06,8.7716371E-06,8.7731532E-06,8.7729886E-06,8.7724675E-06,8.7721455E-06,8.7723401E-06,8.7725866E-06,8.7712615E-06,8.7711332E-06,8.7713615E-06,8.7719072E-06,8.7715325E-06,8.7704493E-06,8.7718809E-06,8.7727685E-06,8.7717299E-06,8.7730514E-06,8.7752796E-06,8.7738754E-06
8.7718345E-06,8.7690523E-06,8.7666231E-06,8.7654025E-06,8.7643830E-06,8.7641993E-06,8.7653007E-06,8.7651151E-06,8.7637591E-06,8.7646431E-06,8.7672142E-06,8.7700027E-06,8.7707131E-06,8.7711069E-06,8.7706012E-06,8.7711305E-06,8.7719118E-06,8.7729522E-06,8.7731632E-06,8.7708840E-06,8.7705839E-06,8.7714934E-06,8.7725984E-06,8.7734652E-06,8.7726921E-06,8.7730395E-06,8.7750877E-06,8.7752132E-06,8.7739045E-06,8.7753870E-06,8.7777689E-06,8.7772078E-06,8.7756907E-06,8.7748212E-06,8.7738554E-06,8.7729350E-06
8.7734688E-06,8.7711660E-06,8.7685339E-06,8.7692560E-06,8.7700409E-06,8.7705930E-06,8.7693970E-06,8.7689996E-06,8.7707840E-06,8.7716235E-06,8.7708186E-06,8.7699782E-06,8.7689450E-06,8.7681210E-06,8.7688277E-06,8.7701192E-06,8.7712442E-06,8.7710932E-06,8.7690805E-06,8.7682556E-06,8.7698409E-06,8.7712351E-06,8.7702801E-06,8.7691687E-06,8.7694989E-06,8.7704802E-06,8.7726930E-06,8.7732214E-06,8.7717699E-06,8.7718654E-06,8.7740091E-06,8.7758253E-06,8.7752833E-06,8.7746548E-06,8.7745329E-06,8.7747503E-06
8.7741710E-06,8.7712979E-06,8.7697881E-06,8.7704175E-06,8.7698700E-06,8.7684066E-06,8.7684602E-06,8.7688631E-06,8.7681619E-06,8.7677736E-06,8.7668077E-06,8.7668995E-06,8.7682947E-06,8.7684311E-06,8.7687295E-06,8.7696389E-06,8.7710614E-06,8.7705121E-06,8.7699282E-06,8.7710896E-06,8.7716653E-06,8.7720100E-06,8.7715944E-06,8.7708158E-06,8.7721291E-06,8.7716180E-06,8.7701646E-06,8.7706157E-06,8.7720045E-06,8.7729531E-06,8.7738099E-06,8.7742610E-06,8.7739045E-06,8.7748212E-06,8.7750641E-06,8.7746785E-06
8.7739427E-06,8.7725948E-06,8.7699946E-06,8.7691305E-06,8.7691478E-06,8.7683620E-06,8.7685012E-06,8.7700610E-06,8.7712979E-06,8.7717462E-06,8.7736507E-06,8.7738026E-06,8.7721737E-06,8.7722410E-06,8.7724093E-06,8.7716480E-06,8.7708322E-06,8.7704966E-06,8.7705912E-06,8.7713661E-06,8.7727330E-06,8.7723492E-06,8.7716198E-06,8.7723383E-06,8.7722847E-06,8.7724493E-06,8.7735170E-06,8.7728131E-06,8.7703565E-06,8.7693752E-06,8.7718627E-06,8.7741073E-06,8.7755670E-06,8.7759763E-06,8.7753042E-06,8.7754761E-06
8.7736907E-06,8.7715689E-06,8.7696690E-06,8.7688995E-06,8.7696990E-06,8.7702983E-06,8.7693970E-06,8.7689459E-06,8.7695189E-06,8.7689395E-06,8.7696617E-06,8.7708877E-06,8.7713579E-06,8.7713170E-06,8.7722292E-06,8.7730741E-06,8.7730305E-06,8.7731887E-06,8.7723392E-06,8.7717317E-06,8.7709368E-06,8.7696353E-06,8.7696108E-06,8.7699691E-06,8.7705230E-06,8.7706103E-06,8.7709850E-06,8.7710932E-06,8.7708477E-06,8.7721701E-06,8.7737781E-06,8.7736480E-06,8.7747749E-06,8.7753578E-06,8.7735634E-06,8.7725166E-06
8.7719218E-06,8.7707685E-06,8.7700373E-06,8.7705121E-06,8.7704420E-06,8.7693206E-06,8.7680291E-06,8.7668695E-06,8.7682365E-06,8.7700264E-06,8.7708622E-06,8.7710905E-06,8.7693033E-06,8.7685112E-06,8.7698845E-06,8.7704675E-06,8.7702483E-06,8.7710177E-06,8.7710614E-06,8.7717462E-06,8.7726948E-06,8.7738290E-06,8.7744038E-06,8.7739481E-06,8.7746457E-06,8.7745520E-06,8.7747776E-06,8.7753606E-06,8.7755325E-06,8.7752533E-06,8.7752887E-06,8.7764338E-06,8.7765647E-06,8.7770850E-06,8.7776862E-06,8.7767694E-06
8.7745566E-06,8.7724020E-06,8.7716762E-06,8.7713615E-06,8.7709886E-06,8.7701574E-06,8.7692970E-06,8.7690869E-06,8.7697981E-06,8.7704493E-06,8.7713006E-06,8.7739036E-06,8.7751860E-06,8.7745266E-06,8.7751996E-06,8.7763155E-06,8.7770895E-06,8.7772278E-06,8.7760291E-06,8.7759508E-06,8.7765729E-06,8.7764492E-06,8.7753879E-06,8.7752996E-06,8.7764984E-06,8.7770222E-06,8.7782491E-06,8.7773433E-06,8.7749695E-06,8.7751769E-06,8.7760281E-06,8.7760709E-06,8.7753578E-06,8.7758044E-06,8.7756771E-06,8.7738917E-06
8.7737162E-06,8.7741355E-06,8.7730605E-06,8.7723902E-06,8.7716335E-06,8.7702992E-06,8.7698918E-06,8.7698681E-06,8.7707731E-06,8.7720282E-06,8.7727212E-06,8.7731341E-06,8.7731305E-06,8.7733088E-06,8.7727649E-06,8.7727531E-06,8.7728331E-06,8.7724738E-06,8.7728731E-06,8.7749368E-06,8.7754915E-06,8.7736907E-06,8.7732960E-06,8.7718881E-06,8.7718354E-06,8.7729986E-06,8.7725348E-06,8.7720364E-06,8.7717844E-06,8.7728758E-06,8.7743374E-06,8.7741464E-06,8.7728595E-06,8.7729313E-06,8.7741228E-06,8.7738481E-06
8.7725084E-06,8.7705976E-06,8.7699946E-06,8.7701055E-06,8.7689432E-06,8.7676562E-06,8.7687440E-06,8.7694625E-06,8.7695998E-06,8.7698554E-06,8.7701792E-06,8.7714015E-06,8.7720045E-06,8.7720218E-06,8.7716698E-06,8.7730441E-06,8.7726412E-06,8.7719363E-06,8.7722810E-06,8.7717262E-06,8.7721610E-06,8.7733724E-06,8.7728049E-06,8.7713879E-06,8.7729359E-06,8.7733679E-06,8.7721819E-06,8.7734688E-06,8.7752087E-06,8.7745821E-06,8.7738017E-06,8.7744693E-06,8.7744975E-06,8.7736280E-06,8.7734661E-06,8.7724729E-06
8.7707367E-06,8.7696453E-06,8.7690432E-06,8.7682056E-06,8.7673734E-06,8.7683320E-06,8.7689223E-06,8.7682110E-06,8.7684812E-06,8.7690514E-06,8.7694143E-06,8.7700801E-06,8.7687240E-06,8.7685612E-06,8.7698627E-06,8.7703329E-06,8.7706148E-06,8.7695189E-06,8.7691660E-06,8.7683729E-06,8.7674543E-06,8.7699091E-06,8.7701637E-06,8.7691369E-06,8.7692033E-06,8.7693515E-06,8.7704711E-06,8.7711878E-06,8.7714661E-06,8.7715362E-06,8.7724202E-06,8.7728094E-06,8.7729377E-06,8.7720000E-06,8.7711151E-06,8.7710478E-06
8.7710059E-06,8.7720555E-06,8.7724657E-06,8.7713679E-06,8.7703947E-06,8.7697681E-06,8.7695398E-06,8.7711578E-06,8.7735243E-06,8.7741710E-06,8.7753642E-06,8.7767903E-06,8.7763055E-06,8.7762210E-06,8.7757699E-06,8.7739318E-06,8.7741182E-06,8.7755152E-06,8.7747667E-06,8.7743128E-06,8.7751623E-06,8.7748949E-06,8.7739845E-06,8.7744747E-06,8.7744156E-06,8.7748740E-06,8.7764483E-06,8.7766257E-06,8.7770222E-06,8.7769586E-06,8.7767939E-06,8.7773242E-06,8.7771214E-06,8.7768194E-06,8.7761082E-06,8.7750477E-06
8.7746457E-06,8.7742719E-06,8.7734052E-06,8.7724857E-06,8.7727249E-06,8.7726830E-06,8.7725612E-06,8.7719563E-06,8.7707904E-06,8.7719281E-06,8.7742483E-06,8.7748449E-06,8.7740482E-06,8.7735416E-06,8.7740145E-06,8.7744129E-06,8.7742364E-06,8.7742574E-06,8.7744465E-06,8.7748604E-06,8.7738790E-06,8.7731796E-06,8.7742637E-06,8.7756534E-06,8.7752223E-06,8.7748795E-06,8.7765720E-06,8.7756998E-06,8.7758080E-06,8.7769695E-06,8.7759290E-06,8.7754252E-06,8.7743929E-06,8.7735925E-06,8.7723256E-06,8.7710596E-06
8.7711360E-06,8.7707149E-06,8.7692961E-06,8.7693470E-06,8.7702510E-06,8.7689023E-06,8.7681174E-06,8.7685485E-06,8.7695253E-06,8.7707776E-06,8.7720218E-06,8.7722001E-06,8.7709268E-06,8.7709268E-06,8.7705093E-06,8.7700055E-06,8.7694998E-06,8.7694234E-06,8.7707322E-06,8.7714325E-06,8.7722255E-06,8.7726348E-06,8.7719072E-06,8.7722728E-06,8.7730568E-06,8.7726003E-06,8.7734061E-06,8.7741773E-06,8.7743128E-06,8.7745138E-06,8.7748540E-06,8.7758672E-06,8.7756880E-06,8.7742001E-06,8.7740727E-06,8.7731460E-06
8.7708358E-06,8.7699145E-06,8.7701719E-06,8.7698554E-06,8.7687076E-06,8.7689032E-06,8.7700127E-06,8.7716007E-06,8.7716844E-06,8.7713397E-06,8.7719291E-06,8.7712615E-06,8.7707076E-06,8.7710532E-06,8.7718045E-06,8.7722792E-06,8.7724902E-06,8.7733551E-06,8.7733424E-06,8.7728031E-06,8.7732496E-06,8.7737026E-06,8.7725866E-06,8.7724138E-06,8.7733906E-06,8.7734525E-06,8.7734206E-06,8.7740555E-06,8.7746375E-06,8.7740200E-06,8.7738081E-06,8.7741937E-06,8.7738017E-06,8.7730323E-06,8.7723665E-06,8.7700346E-06
8.7688804E-06,8.7694334E-06,8.7682547E-06,8.7668423E-06,8.7679045E-06,8.7681910E-06,8.7659419E-06,8.7658491E-06,8.7668450E-06,8.7681519E-06,8.7691387E-06,8.7690378E-06,8.7701455E-06,8.7713397E-06,8.7715443E-06,8.7706958E-06,8.7695580E-06,8.7695971E-06,8.7702401E-06,8.7708668E-06,8.7706567E-06,8.7704502E-06,8.7710223E-06,8.7716644E-06,8.7718172E-06,8.7711405E-06,8.7698945E-06,8.7709832E-06,8.7736407E-06,8.7730959E-06,8.7715498E-06,8.7720191E-06,8.7724666E-06,8.7727858E-06,8.7725211E-06,8.7704766E-06
8.7679355E-06,8.7671106E-06,8.7675780E-06,8.7686812E-06,8.7681628E-06,8.7662484E-06,8.7666403E-06,8.7671797E-06,8.7675999E-06,8.7678609E-06,8.7681019E-06,8.7694170E-06,8.7700946E-06,8.7696317E-06,8.7696235E-06,8.7706558E-06,8.7701810E-06,8.7696671E-06,8.7708076E-06,8.7707613E-06,8.7696771E-06,8.7690960E-06,8.7692360E-06,8.7704266E-06,8.7719045E-06,8.7714488E-06,8.7716953E-06,8.7716244E-06,8.7709650E-06,8.7722674E-06,8.7722965E-06,8.7717353E-06,8.7727631E-06,8.7745993E-06,8.7738335E-06,8.7709559E-06
8.7688522E-06,8.7685794E-06,8.7682383E-06,8.7667668E-06,8.7661701E-06,8.7660519E-06,8.7654544E-06,8.7662484E-06,8.7673079E-06,8.7671051E-06,8.7680382E-06,8.7685348E-06,8.7687267E-06,8.7690068E-06,8.7687940E-06,8.7685094E-06,8.7685921E-06,8.7691123E-06,8.7682401E-06,8.7681392E-06,8.7685139E-06,8.7682047E-06,8.7703820E-06,8.7713643E-06,8.7705584E-06,8.7714607E-06,8.7726075E-06,8.7718745E-06,8.7710805E-06,8.7702656E-06,8.7705230E-06,8.7731214E-06,8.7731250E-06,8.7707322E-06,8.7685776E-06,8.7663457E-06
8.7660546E-06,8.7661374E-06,8.7653789E-06,8.7659118E-06,8.7655017E-06,8.7649851E-06,8.7646131E-06,8.7640856E-06,8.7648332E-06,8.7658836E-06,8.7661556E-06,8.7660592E-06,8.7667604E-06,8.7677008E-06,8.7683675E-06,8.7682165E-06,8.7675562E-06,8.7679537E-06,8.7684521E-06,8.7692697E-06,8.7689496E-06,8.7689123E-06,8.7699354E-06,8.7689696E-06,8.7688413E-06,8.7698290E-06,8.7709259E-06,8.7716598E-06,8.7709650E-06,8.7697272E-06,8.7686612E-06,8.7697836E-06,8.7704393E-06,8.7692097E-06,8.7677727E-06,8.7668368E-06
8.7669559E-06,8.7659682E-06,8.7644794E-06,8.7648323E-06,8.7643475E-06,8.7620119E-06,8.7617154E-06,8.7637954E-06,8.7662283E-06,8.7688668E-06,8.7701619E-06,8.7695698E-06,8.7705293E-06,8.7709632E-06,8.7686358E-06,8.7678063E-06,8.7689159E-06,8.7695407E-06,8.7694416E-06,8.7713315E-06,8.7734470E-06,8.7721210E-06,8.7706612E-06,8.7708095E-06,8.7720327E-06,8.7718936E-06,8.7716598E-06,8.7713124E-06,8.7712115E-06,8.7717317E-06,8.7706685E-06,8.7707185E-06,8.7743538E-06,8.7751532E-06,8.7711223E-06,8.7694862E-06
8.7678600E-06,8.7668041E-06,8.7662638E-06,8.7644203E-06,8.7638491E-06,8.7634198E-06,8.7635426E-06,8.7657982E-06,8.7665758E-06,8.7674134E-06,8.7684684E-06,8.7666103E-06,8.7664766E-06,8.7684230E-06,8.7699100E-06,8.7693879E-06,8.7683093E-06,8.7695589E-06,8.7703365E-06,8.7696189E-06,8.7704175E-06,8.7712233E-06,8.7701128E-06,8.7695407E-06,8.7702610E-06,8.7714425E-06,8.7726003E-06,8.7729168E-06,8.7734552E-06,8.7739963E-06,8.7744938E-06,8.7753924E-06,8.7751605E-06,8.7745984E-06,8.7735643E-06,8.7723747E-06
8.7710769E-06,8.7698336E-06,8.7698800E-06,8.7697572E-06,8.7695907E-06,8.7700318E-06,8.7698208E-06,8.7701865E-06,8.7728067E-06,8.7740618E-06,8.7729168E-06,8.7725484E-06,8.7728595E-06,8.7715098E-06,8.7704093E-06,8.7705266E-06,8.7712333E-06,8.7729722E-06,8.7740063E-06,8.7742546E-06,8.7730641E-06,8.7722865E-06,8.7740009E-06,8.7742164E-06,8.7754079E-06,8.7767185E-06,8.7756107E-06,8.7734015E-06,8.7738099E-06,8.7770313E-06,8.7780454E-06,8.7763847E-06,8.7759627E-06,8.7760445E-06,8.7747267E-06,8.7756207E-06
8.7746794E-06,8.7725011E-06,8.7711560E-06,8.7694980E-06,8.7710086E-06,8.7729559E-06,8.7721391E-06,8.7728367E-06,8.7749886E-06,8.7757326E-06,8.7758599E-06,8.7767830E-06,8.7768221E-06,8.7761036E-06,8.7765729E-06,8.7774151E-06,8.7782291E-06,8.7771332E-06,8.7761155E-06,8.7764165E-06,8.7760191E-06,8.7756589E-06,8.7755070E-06,8.7776070E-06,8.7802909E-06,8.7802055E-06,8.7794315E-06,8.7788194E-06,8.7783901E-06,8.7777171E-06,8.7774779E-06,8.7789776E-06,8.7803655E-06,8.7799990E-06,8.7788621E-06,8.7783810E-06
8.7769631E-06,8.7756898E-06,8.7748103E-06,8.7736580E-06,8.7734579E-06,8.7746202E-06,8.7750122E-06,8.7745011E-06,8.7742374E-06,8.7751659E-06,8.7761446E-06,8.7778108E-06,8.7775315E-06,8.7767466E-06,8.7772623E-06,8.7764356E-06,8.7755670E-06,8.7757235E-06,8.7777589E-06,8.7790240E-06,8.7787803E-06,8.7776534E-06,8.7774670E-06,8.7779581E-06,8.7779899E-06,8.7778217E-06,8.7782055E-06,8.7792405E-06,8.7787612E-06,8.7787775E-06,8.7789958E-06,8.7780554E-06,8.7781200E-06,8.7773715E-06,8.7760036E-06,8.7756498E-06
8.7753888E-06,8.7736817E-06,8.7716744E-06,8.7719782E-06,8.7730450E-06,8.7728185E-06,8.7715853E-06,8.7710887E-06,8.7722810E-06,8.7734143E-06,8.7741300E-06,8.7741646E-06,8.7743419E-06,8.7751796E-06,8.7753006E-06,8.7753069E-06,8.7748858E-06,8.7753533E-06,8.7764220E-06,8.7762501E-06,8.7759363E-06,8.7758945E-06,8.7762564E-06,8.7760518E-06,8.7759708E-06,8.7764683E-06,8.7770377E-06,8.7779263E-06,8.7775425E-06,8.7774060E-06,8.7777244E-06,8.7777189E-06,8.7767066E-06,8.7746903E-06,8.7731669E-06,8.7723029E-06
8.7717544E-06,8.7718463E-06,8.7727158E-06,8.7715834E-06,8.7699946E-06,8.7692097E-06,8.7703765E-06,8.7732878E-06,8.7747749E-06,8.7743192E-06,8.7726121E-06,8.7735943E-06,8.7747103E-06,8.7734061E-06,8.7732105E-06,8.7737371E-06,8.7749267E-06,8.7750959E-06,8.7752560E-06,8.7745384E-06,8.7734243E-06,8.7744092E-06,8.7748303E-06,8.7744502E-06,8.7751487E-06,8.7764602E-06,8.7757253E-06,8.7758044E-06,8.7760209E-06,8.7754333E-06,8.7747658E-06,8.7736071E-06,8.7733151E-06,8.7726457E-06,8.7713925E-06,8.7707694E-06
8.7711160E-06,8.7714961E-06,8.7697881E-06,8.7680883E-06,8.7668286E-06,8.7663884E-06,8.7680937E-06,8.7687404E-06,8.7693343E-06,8.7703875E-06,8.7698081E-06,8.7696517E-06,8.7707867E-06,8.7717071E-06,8.7722874E-06,8.7728094E-06,8.7735179E-06,8.7724429E-06,8.7718472E-06,8.7727212E-06,8.7739636E-06,8.7747267E-06,8.7738108E-06,8.7729086E-06,8.7728467E-06,8.7723847E-06,8.7722274E-06,8.7730659E-06,8.7732778E-06,8.7723883E-06,8.7703111E-06,8.7689168E-06,8.7703465E-06,8.7701910E-06,8.7678945E-06,8.7659509E-06
8.7670005E-06,8.7678409E-06,8.7663557E-06,8.7657281E-06,8.7657991E-06,8.7669014E-06,8.7662638E-06,8.7657254E-06,8.7679136E-06,8.7704875E-06,8.7695926E-06,8.7681610E-06,8.7695862E-06,8.7699445E-06,8.7707158E-06,8.7719172E-06,8.7690923E-06,8.7674834E-06,8.7691787E-06,8.7711351E-06,8.7710305E-06,8.7707503E-06,8.7701310E-06,8.7691442E-06,8.7693370E-06,8.7677690E-06,8.7678600E-06,8.7683502E-06,8.7675498E-06,8.7690223E-06,8.7698372E-06,8.7697999E-06,8.7690314E-06,8.7678063E-06,8.7663584E-06,8.7652870E-06
8.7653898E-06,8.7647186E-06,8.7642102E-06,8.7640565E-06,8.7641047E-06,8.7651897E-06,8.7662738E-06,8.7668195E-06,8.7681792E-06,8.7687231E-06,8.7680055E-06,8.7691951E-06,8.7703047E-06,8.7710605E-06,8.7724848E-06,8.7727740E-06,8.7714216E-06,8.7707685E-06,8.7715680E-06,8.7698627E-06,8.7704748E-06,8.7719800E-06,8.7710205E-06,8.7705575E-06,8.7710823E-06,8.7713397E-06,8.7715043E-06,8.7721564E-06,8.7705785E-06,8.7698499E-06,8.7710205E-06,8.7724793E-06,8.7730659E-06,8.7714543E-06,8.7703456E-06,8.7708368E-06
8.7717944E-06,8.7709604E-06,8.7682984E-06,8.7669105E-06,8.7669105E-06,8.7686412E-06,8.7705512E-06,8.7717144E-06,8.7719636E-06,8.7706685E-06,8.7699127E-06,8.7683666E-06,8.7680064E-06,8.7699009E-06,8.7701474E-06,8.7696908E-06,8.7702356E-06,8.7714889E-06,8.7705266E-06,8.7683611E-06,8.7700364E-06,8.7721346E-06,8.7717062E-06,8.7697235E-06,8.7685230E-06,8.7697981E-06,8.7710250E-06,8.7708086E-06,8.7715016E-06,8.7717708E-06,8.7713461E-06,8.7714725E-06,8.7709850E-06,8.7698127E-06,8.7691833E-06,8.7707667E-06
8.7735079E-06,8.7733124E-06,8.7706094E-06,8.7697681E-06,8.7704402E-06,8.7714316E-06,8.7728004E-06,8.7727867E-06,8.7725084E-06,8.7729377E-06,8.7736616E-06,8.7744293E-06,8.7752760E-06,8.7754333E-06,8.7735070E-06,8.7728240E-06,8.7731078E-06,8.7740018E-06,8.7742919E-06,8.7744911E-06,8.7755534E-06,8.7762728E-06,8.7776098E-06,8.7784801E-06,8.7786229E-06,8.7778881E-06,8.7767685E-06,8.7767994E-06,8.7769040E-06,8.7749013E-06,8.7734261E-06,8.7734061E-06,8.7731623E-06,8.7724175E-06,8.7706585E-06,8.7706749E-06
8.7721319E-06,8.7720946E-06,8.7701646E-06,8.7684393E-06,8.7688231E-06,8.7677090E-06,8.7673789E-06,8.7705503E-06,8.7715553E-06,8.7718017E-06,8.7722783E-06,8.7728822E-06,8.7743010E-06,8.7739208E-06,8.7739536E-06,8.7744966E-06,8.7738545E-06,8.7744711E-06,8.7750977E-06,8.7760427E-06,8.7765238E-06,8.7753633E-06,8.7750104E-06,8.7755598E-06,8.7769122E-06,8.7770722E-06,8.7776953E-06,8.7773787E-06,8.7766657E-06,8.7765538E-06,8.7761582E-06,8.7763083E-06,8.7743401E-06,8.7726476E-06,8.7721028E-06,8.7721228E-06
8.7730459E-06,8.7723802E-06,8.7708722E-06,8.7708386E-06,8.7715680E-06,8.7724184E-06,8.7730714E-06,8.7730723E-06,8.7744329E-06,8.7758599E-06,8.7754688E-06,8.7753815E-06,8.7761164E-06,8.7755789E-06,8.7756243E-06,8.7759718E-06,8.7760191E-06,8.7760154E-06,8.7769104E-06,8.7779736E-06,8.7776589E-06,8.7774988E-06,8.7775070E-06,8.7779963E-06,8.7782046E-06,8.7776416E-06,8.7767994E-06,8.7754815E-06,8.7750304E-06,8.7758908E-06,8.7755743E-06,8.7744765E-06,8.7732469E-06,8.7723420E-06,8.7731514E-06,8.7744893E-06
8.7753333E-06,8.7741992E-06,8.7720364E-06,8.7707840E-06,8.7702920E-06,8.7703884E-06,8.7705212E-06,8.7720773E-06,8.7728886E-06,8.7727840E-06,8.7733761E-06,8.7732451E-06,8.7731660E-06,8.7740118E-06,8.7740473E-06,8.7736244E-06,8.7737271E-06,8.7742283E-06,8.7743474E-06,8.7743137E-06,8.7749040E-06,8.7744502E-06,8.7745993E-06,8.7755598E-06,8.7750486E-06,8.7745202E-06,8.7738972E-06,8.7740436E-06,8.7746739E-06,8.7756616E-06,8.7760882E-06,8.7739618E-06,8.7717262E-06,8.7706685E-06,8.7712215E-06,8.7722847E-06
8.7738936E-06,8.7734652E-06,8.7711660E-06,8.7706421E-06,8.7701765E-06,8.7694079E-06,8.7691724E-06,8.7693725E-06,8.7704648E-06,8.7714570E-06,8.7719691E-06,8.7721855E-06,8.7719518E-06,8.7718354E-06,8.7727531E-06,8.7740182E-06,8.7735052E-06,8.7723038E-06,8.7720100E-06,8.7717417E-06,8.7722792E-06,8.7727467E-06,8.7719336E-06,8.7711487E-06,8.7712060E-06,8.7722192E-06,8.7725484E-06,8.7712224E-06,8.7702228E-06,8.7698445E-06,8.7699200E-06,8.7695880E-06,8.7679073E-06,8.7674016E-06,8.7671297E-06,8.7678291E-06
8.7694480E-06,8.7688768E-06,8.7677063E-06,8.7675307E-06,8.7678518E-06,8.7676117E-06,8.7687522E-06,8.7684148E-06,8.7677727E-06,8.7695407E-06,8.7696108E-06,8.7694889E-06,8.7701783E-06,8.7687940E-06,8.7684602E-06,8.7701346E-06,8.7713261E-06,8.7718890E-06,8.7702165E-06,8.7699518E-06,8.7693343E-06,8.7675135E-06,8.7681892E-06,8.7699436E-06,8.7711405E-06,8.7714270E-06,8.7705848E-06,8.7698427E-06,8.7712551E-06,8.7726476E-06,8.7716080E-06,8.7715534E-06,8.7709541E-06,8.7685184E-06,8.7687231E-06,8.7701528E-06
8.7706694E-06,8.7706931E-06,8.7693470E-06,8.7678363E-06,8.7679127E-06,8.7676872E-06,8.7674662E-06,8.7682574E-06,8.7697836E-06,8.7714488E-06,8.7731050E-06,8.7740436E-06,8.7726594E-06,8.7715307E-06,8.7717062E-06,8.7724948E-06,8.7728222E-06,8.7726930E-06,8.7730796E-06,8.7736626E-06,8.7742819E-06,8.7745448E-06,8.7743165E-06,8.7748422E-06,8.7763656E-06,8.7769804E-06,8.7760536E-06,8.7758872E-06,8.7759899E-06,8.7749904E-06,8.7755970E-06,8.7762228E-06,8.7747430E-06,8.7759654E-06,8.7773260E-06,8.7763638E-06
8.7767767E-06,8.7751550E-06,8.7743392E-06,8.7738035E-06,8.7727158E-06,8.7733533E-06,8.7731905E-06,8.7740182E-06,8.7730968E-06,8.7720518E-06,8.7717317E-06,8.7713724E-06,8.7731159E-06,8.7737653E-06,8.7729550E-06,8.7742419E-06,8.7763674E-06,8.7763246E-06,8.7758608E-06,8.7753706E-06,8.7749468E-06,8.7749695E-06,8.7749013E-06,8.7752696E-06,8.7763774E-06,8.7786457E-06,8.7794733E-06,8.7789676E-06,8.7791877E-06,8.7784583E-06,8.7775170E-06,8.7773478E-06,8.7765302E-06,8.7765893E-06,8.7771114E-06,8.7771632E-06
8.7774360E-06,8.7746612E-06,8.7735480E-06,8.7750641E-06,8.7755679E-06,8.7756534E-06,8.7747276E-06,8.7742528E-06,8.7753842E-06,8.7763792E-06,8.7774124E-06,8.7773760E-06,8.7768167E-06,8.7765975E-06,8.7769322E-06,8.7773387E-06,8.7767930E-06,8.7785056E-06,8.7795051E-06,8.7788303E-06,8.7791204E-06,8.7788967E-06,8.7776043E-06,8.7774470E-06,8.7776871E-06,8.7783010E-06,8.7781818E-06,8.7769740E-06,8.7763592E-06,8.7765975E-06,8.7766593E-06,8.7759017E-06,8.7755043E-06,8.7760563E-06,8.7766075E-06,8.7762401E-06
8.7769422E-06,8.7765538E-06,8.7746403E-06,8.7743037E-06,8.7737271E-06,8.7734061E-06,8.7735470E-06,8.7726439E-06,8.7728886E-06,8.7735598E-06,8.7736771E-06,8.7737699E-06,8.7738990E-06,8.7735934E-06,8.7733597E-06,8.7736225E-06,8.7750723E-06,8.7768576E-06,8.7768858E-06,8.7753160E-06,8.7731787E-06,8.7739672E-06,8.7754079E-06,8.7755261E-06,8.7752642E-06,8.7748976E-06,8.7749122E-06,8.7744975E-06,8.7748758E-06,8.7745848E-06,8.7745857E-06,8.7750841E-06,8.7742828E-06,8.7745202E-06,8.7754506E-06,8.7754506E-06
8.7744893E-06,8.7727876E-06,8.7703347E-06,8.7696435E-06,8.7699473E-06,8.7695826E-06,8.7703593E-06,8.7704711E-06,8.7711478E-06,8.7715489E-06,8.7719973E-06,8.7733370E-06,8.7733933E-06,8.7723301E-06,8.7719191E-06,8.7732842E-06,8.7748322E-06,8.7738153E-06,8.7732078E-06,8.7742865E-06,8.7729059E-06,8.7729340E-06,8.7737317E-06,8.7727185E-06,8.7733060E-06,8.7739318E-06,8.7728440E-06,8.7733415E-06,8.7745848E-06,8.7741400E-06,8.7728731E-06,8.7725639E-06,8.7732506E-06,8.7747658E-06,8.7752569E-06,8.7744520E-06
8.7740555E-06,8.7716917E-06,8.7701474E-06,8.7709059E-06,8.7715416E-06,8.7724920E-06,8.7717190E-06,8.7706494E-06,8.7704229E-06,8.7702638E-06,8.7696262E-06,8.7708940E-06,8.7736016E-06,8.7733069E-06,8.7725330E-06,8.7726685E-06,8.7729622E-06,8.7733533E-06,8.7723893E-06,8.7710250E-06,8.7711014E-06,8.7718299E-06,8.7722365E-06,8.7715853E-06,8.7711096E-06,8.7726585E-06,8.7736907E-06,8.7725057E-06,8.7715925E-06,8.7715680E-06,8.7713506E-06,8.7717535E-06,8.7722656E-06,8.7722637E-06,8.7728513E-06,8.7728422E-06
