8.8528286E-06,8.8530469E-06,8.8535889E-06,8.8545585E-06,8.8564275E-06,8.8566303E-06,8.8562956E-06,8.8557535E-06,8.8554816E-06,8.8565921E-06,8.8566085E-06,8.8561574E-06,8.8557699E-06,8.8566712E-06,8.8585984E-06,8.8596107E-06,8.8602228E-06,8.8601646E-06,8.8605493E-06,8.8600336E-06,8.8587903E-06,8.8599581E-06,8.8615816E-06,8.8625093E-06,8.8626011E-06,8.8628521E-06,8.8624838E-06,8.8624256E-06,8.8632632E-06,8.8630359E-06,8.8622201E-06,8.8625775E-06,8.8637826E-06,8.8662837E-06,8.8686502E-06,8.8692159E-06
8.8694833E-06,8.8676315E-06,8.8639290E-06,8.8622801E-06,8.8630113E-06,8.8633124E-06,8.8639772E-06,8.8662036E-06,8.8667202E-06,8.8664346E-06,8.8664628E-06,8.8671768E-06,8.8680081E-06,8.8684255E-06,8.8679708E-06,8.8683628E-06,8.8696443E-06,8.8685265E-06,8.8674387E-06,8.8683664E-06,8.8700399E-06,8.8704492E-06,8.8712841E-06,8.8728193E-06,8.8727993E-06,8.8725737E-06,8.8728493E-06,8.8728357E-06,8.8730476E-06,8.8725956E-06,8.8713514E-06,8.8714696E-06,8.8725501E-06,8.8726729E-06,8.8751722E-06,8.8759425E-06
8.8745946E-06,8.8737661E-06,8.8714969E-06,8.8707420E-06,8.8722545E-06,8.8720471E-06,8.8708939E-06,8.8712240E-06,8.8725155E-06,8.8722863E-06,8.8709730E-06,8.8720490E-06,8.8743300E-06,8.8766883E-06,8.8770712E-06,8.8763682E-06,8.8755887E-06,8.8752386E-06,8.8765482E-06,8.8764827E-06,8.8772031E-06,8.8792503E-06,8.8796442E-06,8.8797951E-06,8.8809365E-06,8.8814659E-06,8.8807192E-06,8.8824954E-06,8.8829111E-06,8.8814977E-06,8.8816605E-06,8.8814368E-06,8.8804418E-06,8.8805918E-06,8.8833713E-06,8.8854776E-06
8.8844099E-06,8.8835823E-06,8.8818742E-06,8.8808647E-06,8.8831030E-06,8.8843180E-06,8.8830629E-06,8.8826946E-06,8.8835068E-06,8.8833767E-06,8.8838205E-06,8.8852566E-06,8.8869201E-06,8.8871548E-06,8.8871602E-06,8.8879733E-06,8.8868401E-06,8.8849119E-06,8.8859988E-06,8.8872666E-06,8.8871075E-06,8.8886236E-06,8.8902798E-06,8.8910501E-06,8.8919869E-06,8.8931001E-06,8.8954785E-06,8.8976558E-06,8.8982733E-06,8.8984625E-06,8.8971537E-06,8.8951656E-06,8.8936404E-06,8.8922716E-06,8.8929237E-06,8.8957759E-06
8.8976931E-06,8.8956622E-06,8.8929655E-06,8.8916449E-06,8.8920906E-06,8.8927518E-06,8.8920242E-06,8.8933339E-06,8.8946881E-06,8.8943861E-06,8.8951547E-06,8.8944107E-06,8.8925290E-06,8.8931301E-06,8.8941460E-06,8.8949719E-06,8.8937313E-06,8.8919960E-06,8.8918350E-06,8.8906263E-06,8.8890065E-06,8.8898869E-06,8.8929773E-06,8.8953075E-06,8.8940187E-06,8.8918996E-06,8.8914658E-06,8.8919278E-06,8.8919514E-06,8.8908091E-06,8.8893730E-06,8.8884526E-06,8.8874840E-06,8.8868455E-06,8.8887455E-06,8.8894740E-06
8.8890356E-06,8.8882571E-06,8.8840998E-06,8.8830075E-06,8.8841416E-06,8.8846282E-06,8.8863362E-06,8.8858142E-06,8.8859469E-06,8.8867300E-06,8.8877186E-06,8.8883653E-06,8.8882261E-06,8.8874176E-06,8.8867537E-06,8.8856350E-06,8.8842689E-06,8.8842644E-06,8.8847264E-06,8.8854858E-06,8.8867982E-06,8.8881334E-06,8.8879287E-06,8.8885790E-06,8.8895595E-06,8.8897786E-06,8.8894794E-06,8.8875286E-06,8.8862907E-06,8.8872848E-06,8.8885235E-06,8.8882998E-06,8.8868765E-06,8.8861816E-06,8.8870620E-06,8.8897041E-06
8.8907182E-06,8.8878405E-06,8.8846873E-06,8.8839124E-06,8.8833312E-06,8.8837996E-06,8.8841889E-06,8.8831039E-06,8.8835395E-06,8.8849520E-06,8.8852512E-06,8.8844472E-06,8.8838678E-06,8.8832212E-06,8.8833885E-06,8.8839170E-06,8.8845345E-06,8.8848774E-06,8.8848365E-06,8.8869547E-06,8.8866927E-06,8.8848001E-06,8.8863298E-06,8.8880251E-06,8.8885035E-06,8.8874349E-06,8.8854249E-06,8.8854840E-06,8.8868765E-06,8.8883817E-06,8.8872157E-06,8.8847964E-06,8.8836441E-06,8.8835723E-06,8.8846409E-06,8.8853758E-06
8.8870756E-06,8.8871866E-06,8.8848619E-06,8.8817178E-06,8.8810711E-06,8.8820561E-06,8.8834022E-06,8.8859160E-06,8.8855659E-06,8.8852794E-06,8.8859897E-06,8.8847928E-06,8.8834668E-06,8.8837341E-06,8.8833694E-06,8.8825536E-06,8.8834176E-06,8.8834868E-06,8.8843008E-06,8.8871866E-06,8.8885363E-06,8.8886936E-06,8.8890647E-06,8.8889892E-06,8.8886027E-06,8.8892802E-06,8.8883808E-06,8.8866254E-06,8.8879906E-06,8.8899624E-06,8.8903189E-06,8.8885081E-06,8.8856441E-06,8.8848383E-06,8.8855395E-06,8.8862062E-06
8.8879051E-06,8.8880206E-06,8.8835695E-06,8.8823162E-06,8.8842398E-06,8.8836687E-06,8.8841953E-06,8.8857141E-06,8.8860652E-06,8.8865072E-06,8.8855486E-06,8.8846045E-06,8.8840698E-06,8.8835677E-06,8.8836095E-06,8.8845818E-06,8.8855568E-06,8.8852230E-06,8.8864363E-06,8.8872603E-06,8.8873303E-06,8.8881061E-06,8.8880452E-06,8.8875540E-06,8.8879906E-06,8.8882543E-06,8.8880733E-06,8.8888391E-06,8.8912247E-06,8.8916131E-06,8.8902907E-06,8.8882416E-06,8.8854658E-06,8.8841789E-06,8.8852421E-06,8.8860588E-06
8.8868564E-06,8.8874367E-06,8.8865117E-06,8.8849774E-06,8.8840015E-06,8.8849856E-06,8.8852403E-06,8.8847673E-06,8.8845263E-06,8.8851257E-06,8.8852521E-06,8.8854858E-06,8.8859524E-06,8.8834431E-06,8.8822753E-06,8.8831239E-06,8.8836532E-06,8.8853430E-06,8.8865308E-06,8.8877668E-06,8.8881543E-06,8.8871548E-06,8.8857723E-06,8.8852594E-06,8.8860406E-06,8.8858014E-06,8.8840234E-06,8.8843744E-06,8.8865072E-06,8.8863344E-06,8.8846373E-06,8.8835586E-06,8.8845036E-06,8.8850948E-06,8.8840707E-06,8.8834649E-06
8.8846609E-06,8.8849238E-06,8.8830484E-06,8.8822890E-06,8.8829374E-06,8.8839142E-06,8.8848146E-06,8.8842917E-06,8.8830584E-06,8.8841807E-06,8.8855950E-06,8.8843799E-06,8.8830375E-06,8.8830629E-06,8.8844717E-06,8.8849301E-06,8.8847364E-06,8.8848210E-06,8.8855622E-06,8.8866454E-06,8.8868637E-06,8.8871075E-06,8.8874058E-06,8.8895749E-06,8.8900833E-06,8.8881306E-06,8.8868001E-06,8.8870138E-06,8.8873003E-06,8.8867882E-06,8.8867546E-06,8.8864408E-06,8.8858487E-06,8.8857951E-06,8.8841389E-06,8.8828947E-06
8.8850602E-06,8.8854222E-06,8.8841325E-06,8.8843162E-06,8.8855968E-06,8.8865345E-06,8.8871502E-06,8.8860452E-06,8.8850538E-06,8.8855668E-06,8.8856905E-06,8.8863208E-06,8.8872712E-06,8.8857005E-06,8.8842135E-06,8.8844072E-06,8.8838669E-06,8.8849129E-06,8.8865372E-06,8.8865991E-06,8.8860561E-06,8.8859333E-06,8.8864972E-06,8.8868819E-06,8.8866836E-06,8.8864790E-06,8.8863344E-06,8.8871393E-06,8.8880379E-06,8.8879633E-06,8.8875231E-06,8.8874940E-06,8.8869219E-06,8.8852203E-06,8.8845372E-06,8.8849110E-06
8.8836696E-06,8.8821953E-06,8.8826291E-06,8.8832849E-06,8.8833131E-06,8.8831430E-06,8.8844927E-06,8.8855768E-06,8.8854049E-06,8.8843799E-06,8.8840943E-06,8.8841707E-06,8.8819897E-06,8.8804354E-06,8.8808565E-06,8.8819779E-06,8.8835268E-06,8.8846582E-06,8.8845818E-06,8.8847191E-06,8.8857369E-06,8.8850802E-06,8.8844736E-06,8.8861152E-06,8.8867937E-06,8.8873194E-06,8.8869201E-06,8.8849520E-06,8.8853358E-06,8.8863007E-06,8.8857769E-06,8.8860297E-06,8.8863189E-06,8.8866473E-06,8.8846773E-06,8.8821089E-06
8.8820243E-06,8.8814604E-06,8.8802362E-06,8.8799370E-06,8.8807164E-06,8.8813094E-06,8.8808247E-06,8.8793395E-06,8.8794713E-06,8.8800352E-06,8.8803072E-06,8.8804973E-06,8.8805664E-06,8.8811948E-06,8.8805145E-06,8.8801426E-06,8.8810630E-06,8.8819706E-06,8.8821107E-06,8.8825145E-06,8.8828701E-06,8.8825482E-06,8.8832903E-06,8.8831484E-06,8.8828565E-06,8.8836750E-06,8.8833531E-06,8.8828319E-06,8.8824991E-06,8.8829465E-06,8.8829665E-06,8.8822671E-06,8.8826437E-06,8.8827810E-06,8.8805400E-06,8.8787501E-06
8.8784236E-06,8.8774677E-06,8.8771121E-06,8.8778097E-06,8.8777460E-06,8.8773431E-06,8.8783790E-06,8.8785382E-06,8.8773431E-06,8.8776260E-06,8.8794750E-06,8.8791412E-06,8.8781408E-06,8.8781744E-06,8.8788765E-06,8.8795132E-06,8.8795759E-06,8.8797178E-06,8.8808438E-06,8.8806964E-06,8.8804272E-06,8.8820034E-06,8.8831721E-06,8.8830902E-06,8.8823226E-06,8.8837050E-06,8.8842535E-06,8.8829702E-06,8.8829347E-06,8.8827810E-06,8.8816614E-06,8.8825582E-06,8.8827346E-06,8.8816259E-06,8.8809947E-06,8.8789384E-06
8.8775023E-06,8.8759125E-06,8.8738170E-06,8.8751212E-06,8.8776696E-06,8.8777824E-06,8.8770630E-06,8.8777824E-06,8.8785810E-06,8.8784309E-06,8.8781053E-06,8.8786246E-06,8.8807419E-06,8.8842753E-06,8.8864490E-06,8.8866009E-06,8.8857096E-06,8.8848192E-06,8.8841580E-06,8.8843544E-06,8.8853594E-06,8.8851057E-06,8.8856032E-06,8.8855595E-06,8.8845818E-06,8.8833849E-06,8.8822935E-06,8.8828619E-06,8.8839279E-06,8.8836441E-06,8.8820961E-06,8.8830548E-06,8.8850138E-06,8.8868228E-06,8.8877578E-06,8.8869801E-06
8.8858142E-06,8.8840816E-06,8.8835723E-06,8.8837778E-06,8.8831066E-06,8.8825491E-06,8.8834131E-06,8.8822817E-06,8.8813667E-06,8.8813149E-06,8.8809747E-06,8.8826200E-06,8.8849256E-06,8.8853676E-06,8.8843180E-06,8.8856432E-06,8.8856941E-06,8.8846100E-06,8.8862462E-06,8.8876750E-06,8.8882189E-06,8.8887191E-06,8.8895667E-06,8.8896422E-06,8.8886964E-06,8.8905072E-06,8.8924644E-06,8.8911420E-06,8.8892984E-06,8.8901534E-06,8.8921733E-06,8.8919151E-06,8.8922588E-06,8.8916304E-06,8.8905544E-06,8.8909119E-06
8.8889947E-06,8.8864763E-06,8.8868819E-06,8.8894276E-06,8.8901961E-06,8.8897896E-06,8.8904444E-06,8.8922661E-06,8.8908155E-06,8.8881025E-06,8.8879988E-06,8.8873530E-06,8.8892311E-06,8.8921597E-06,8.8917213E-06,8.8908209E-06,8.8919105E-06,8.8927172E-06,8.8936940E-06,8.8941888E-06,8.8931256E-06,8.8927718E-06,8.8929737E-06,8.8931993E-06,8.8922488E-06,8.8923671E-06,8.8941515E-06,8.8950137E-06,8.8951856E-06,8.8943580E-06,8.8943188E-06,8.8938113E-06,8.8940569E-06,8.8968918E-06,8.8971938E-06,8.8961351E-06
8.8942615E-06,8.8919751E-06,8.8913675E-06,8.8908764E-06,8.8906690E-06,8.8906090E-06,8.8897304E-06,8.8885936E-06,8.8878951E-06,8.8896941E-06,8.8919160E-06,8.8929055E-06,8.8947418E-06,8.8958959E-06,8.8959350E-06,8.8951774E-06,8.8953448E-06,8.8962834E-06,8.8974448E-06,8.8977886E-06,8.8975739E-06,8.8967026E-06,8.8953784E-06,8.8948973E-06,8.8956758E-06,8.8967026E-06,8.8962906E-06,8.8963497E-06,8.8973875E-06,8.8980551E-06,8.8984916E-06,8.8992338E-06,8.8981369E-06,8.8982151E-06,8.9001805E-06,8.8988609E-06
8.8968218E-06,8.8960132E-06,8.8954293E-06,8.8945217E-06,8.8932775E-06,8.8936676E-06,8.8944625E-06,8.8943907E-06,8.8942443E-06,8.8947027E-06,8.8952229E-06,8.8961306E-06,8.8972893E-06,8.8974102E-06,8.8971174E-06,8.8975630E-06,8.8978213E-06,8.8985917E-06,8.8995366E-06,8.8995875E-06,8.8996085E-06,8.9002669E-06,8.8997631E-06,8.8990882E-06,8.9002569E-06,8.9011910E-06,8.9022915E-06,8.9031982E-06,8.9027944E-06,8.9032528E-06,8.9028554E-06,8.9028081E-06,8.9037294E-06,8.9029681E-06,8.9017340E-06,8.9014848E-06
8.8999241E-06,8.8967818E-06,8.8975466E-06,8.8987490E-06,8.8984625E-06,8.8981042E-06,8.8971547E-06,8.8968945E-06,8.8977376E-06,8.8997122E-06,8.9001542E-06,8.9011319E-06,8.9000641E-06,8.8986344E-06,8.8998713E-06,8.9003270E-06,8.9002096E-06,8.9007135E-06,8.9013574E-06,8.9008554E-06,8.9010145E-06,8.9007399E-06,8.9021805E-06,8.9033610E-06,8.9030891E-06,8.9037949E-06,8.9053310E-06,8.9062250E-06,8.9039904E-06,8.9021296E-06,8.9049263E-06,8.9075329E-06,8.9085779E-06,8.9090654E-06,8.9077021E-06,8.9066298E-06
8.9053956E-06,8.9041341E-06,8.9019813E-06,8.9017658E-06,8.9030482E-06,8.9026062E-06,8.9034365E-06,8.9038967E-06,8.9037112E-06,8.9041314E-06,8.9045043E-06,8.9054447E-06,8.9079585E-06,8.9094274E-06,8.9094601E-06,8.9106634E-06,8.9110890E-06,8.9109744E-06,8.9110936E-06,8.9112700E-06,8.9097912E-06,8.9092955E-06,8.9109026E-06,8.9121904E-06,8.9125142E-06,8.9137538E-06,8.9156019E-06,8.9149898E-06,8.9143714E-06,8.9155010E-06,8.9167333E-06,8.9178720E-06,8.9180730E-06,8.9180439E-06,8.9183677E-06,8.9185878E-06
8.9188534E-06,8.9177502E-06,8.9160858E-06,8.9137611E-06,8.9134955E-06,8.9155128E-06,8.9158047E-06,8.9153636E-06,8.9167779E-06,8.9176519E-06,8.9179311E-06,8.9183031E-06,8.9199302E-06,8.9215446E-06,8.9219084E-06,8.9222367E-06,8.9203677E-06,8.9193763E-06,8.9207115E-06,8.9230052E-06,8.9231271E-06,8.9224859E-06,8.9228497E-06,8.9230616E-06,8.9231098E-06,8.9212672E-06,8.9210307E-06,8.9247096E-06,8.9270115E-06,8.9275027E-06,8.9274117E-06,8.9277419E-06,8.9278210E-06,8.9254299E-06,8.9247924E-06,8.9268378E-06
8.9256464E-06,8.9215955E-06,8.9194109E-06,8.9177793E-06,8.9174127E-06,8.9184114E-06,8.9187615E-06,8.9182931E-06,8.9190698E-06,8.9204550E-06,8.9217729E-06,8.9223959E-06,8.9231071E-06,8.9239329E-06,8.9229843E-06,8.9226105E-06,8.9223195E-06,8.9226078E-06,8.9225605E-06,8.9226405E-06,8.9239738E-06,8.9235982E-06,8.9244140E-06,8.9245796E-06,8.9226023E-06,8.9222258E-06,8.9233181E-06,8.9227842E-06,8.9228715E-06,8.9246760E-06,8.9244177E-06,8.9242330E-06,8.9241257E-06,8.9240502E-06,8.9245677E-06,8.9238629E-06
8.9206451E-06,8.9165851E-06,8.9160167E-06,8.9174864E-06,8.9173536E-06,8.9175237E-06,8.9176392E-06,8.9159876E-06,8.9143978E-06,8.9153673E-06,8.9173282E-06,8.9191444E-06,8.9218165E-06,8.9224568E-06,8.9222631E-06,8.9225705E-06,8.9232244E-06,8.9244395E-06,8.9239811E-06,8.9233763E-06,8.9235727E-06,8.9241612E-06,8.9240848E-06,8.9231153E-06,8.9235300E-06,8.9242776E-06,8.9251662E-06,8.9244331E-06,8.9240357E-06,8.9250734E-06,8.9244804E-06,8.9259256E-06,8.9263949E-06,8.9253899E-06,8.9256755E-06,8.9258256E-06
8.9254472E-06,8.9241412E-06,8.9219184E-06,8.9204204E-06,8.9210816E-06,8.9210280E-06,8.9204768E-06,8.9213117E-06,8.9210580E-06,8.9218074E-06,8.9236973E-06,8.9238320E-06,8.9246369E-06,8.9260593E-06,8.9271316E-06,8.9271070E-06,8.9264231E-06,8.9263804E-06,8.9246432E-06,8.9234318E-06,8.9242694E-06,8.9264513E-06,8.9280984E-06,8.9286232E-06,8.9290324E-06,8.9286968E-06,8.9287487E-06,8.9300011E-06,8.9303339E-06,8.9305013E-06,8.9314553E-06,8.9308842E-06,8.9305822E-06,8.9302957E-06,8.9300947E-06,8.9292043E-06
8.9281339E-06,8.9257901E-06,8.9240639E-06,8.9246869E-06,8.9235782E-06,8.9228042E-06,8.9231726E-06,8.9228970E-06,8.9232617E-06,8.9232808E-06,8.9238183E-06,8.9264367E-06,8.9277255E-06,8.9276618E-06,8.9267596E-06,8.9253544E-06,8.9264886E-06,8.9271298E-06,8.9258310E-06,8.9274663E-06,8.9288524E-06,8.9281411E-06,8.9283949E-06,8.9290088E-06,8.9287241E-06,8.9274281E-06,8.9269060E-06,8.9286341E-06,8.9297737E-06,8.9299983E-06,8.9309442E-06,8.9322357E-06,8.9335617E-06,8.9337454E-06,8.9328460E-06,8.9312489E-06
8.9293444E-06,8.9272980E-06,8.9270979E-06,8.9271180E-06,8.9268487E-06,8.9264540E-06,8.9260438E-06,8.9261712E-06,8.9271234E-06,8.9292880E-06,8.9313789E-06,8.9318228E-06,8.9321029E-06,8.9340156E-06,8.9333853E-06,8.9323676E-06,8.9307632E-06,8.9299074E-06,8.9312980E-06,8.9319728E-06,8.9332634E-06,8.9346049E-06,8.9348323E-06,8.9343894E-06,8.9350178E-06,8.9359983E-06,8.9357236E-06,8.9347959E-06,8.9346158E-06,8.9363320E-06,8.9370669E-06,8.9376344E-06,8.9397035E-06,8.9400410E-06,8.9390742E-06,8.9382956E-06
8.9369505E-06,8.9346822E-06,8.9339492E-06,8.9342548E-06,8.9349442E-06,8.9339928E-06,8.9331133E-06,8.9339937E-06,8.9350487E-06,8.9363384E-06,8.9384275E-06,8.9409877E-06,8.9433051E-06,8.9444647E-06,8.9454797E-06,8.9465630E-06,8.9469204E-06,8.9479872E-06,8.9493151E-06,8.9508749E-06,8.9523719E-06,8.9549776E-06,8.9569321E-06,8.9576833E-06,8.9594123E-06,8.9610312E-06,8.9605010E-06,8.9606319E-06,8.9627292E-06,8.9642317E-06,8.9670912E-06,8.9683472E-06,8.9658615E-06,8.9642672E-06,8.9664918E-06,8.9689420E-06
8.9676741E-06,8.9669811E-06,8.9695495E-06,8.9712430E-06,8.9691393E-06,8.9685145E-06,8.9697196E-06,8.9705600E-06,8.9688101E-06,8.9673394E-06,8.9698260E-06,8.9719924E-06,8.9750692E-06,8.9776568E-06,8.9769046E-06,8.9767454E-06,8.9779469E-06,8.9778559E-06,8.9772011E-06,8.9768264E-06,8.9781661E-06,8.9801542E-06,8.9813448E-06,8.9827445E-06,8.9830873E-06,8.9835357E-06,8.9858431E-06,8.9877876E-06,8.9884343E-06,8.9898613E-06,8.9921978E-06,8.9926598E-06,8.9903979E-06,8.9888208E-06,8.9895693E-06,8.9914629E-06
8.9916766E-06,8.9911718E-06,8.9924624E-06,8.9931427E-06,8.9936784E-06,8.9939858E-06,8.9950217E-06,8.9969990E-06,8.9984614E-06,9.0024196E-06,9.0061367E-06,9.0083249E-06,9.0114408E-06,9.0144831E-06,9.0174435E-06,9.0210333E-06,9.0247240E-06,9.0270450E-06,9.0296407E-06,9.0324365E-06,9.0357325E-06,9.0399235E-06,9.0438325E-06,9.0482490E-06,9.0524081E-06,9.0568865E-06,9.0598969E-06,9.0627391E-06,9.0670956E-06,9.0711665E-06,9.0741860E-06,9.0765388E-06,9.0804297E-06,9.0840440E-06,9.0868098E-06,9.0896601E-06
9.0923304E-06,9.0943904E-06,9.0974354E-06,9.1016282E-06,9.1057554E-06,9.1104530E-06,9.1137390E-06,9.1162183E-06,9.1197407E-06,9.1233414E-06,9.1265720E-06,9.1283418E-06,9.1302818E-06,9.1336360E-06,9.1362490E-06,9.1391621E-06,9.1409729E-06,9.1425809E-06,9.1450120E-06,9.1457896E-06,9.1471329E-06,9.1485281E-06,9.1486381E-06,9.1487191E-06,9.1492511E-06,9.1499933E-06,9.1501142E-06,9.1502279E-06,9.1513157E-06,9.1518996E-06,9.1506890E-06,9.1506936E-06,9.1505462E-06,9.1491593E-06,9.1471420E-06,9.1440370E-06
9.1411812E-06,9.1385318E-06,9.1360252E-06,9.1341326E-06,9.1324227E-06,9.1290276E-06,9.1259744E-06,9.1246911E-06,9.1217835E-06,9.1193879E-06,9.1193915E-06,9.1179372E-06,9.1154707E-06,9.1131069E-06,9.1116599E-06,9.1114934E-06,9.1098836E-06,9.1068759E-06,9.1054826E-06,9.1026504E-06,9.0996018E-06,9.0989924E-06,9.0983458E-06,9.0972480E-06,9.0963231E-06,9.0952089E-06,9.0937028E-06,9.0925359E-06,9.0905714E-06,9.0887906E-06,9.0884059E-06,9.0885587E-06,9.0869398E-06,9.0847434E-06,9.0832245E-06,9.0823323E-06
9.0804679E-06,9.0768890E-06,9.0760432E-06,9.0769445E-06,9.0767098E-06,9.0761732E-06,9.0746616E-06,9.0728245E-06,9.0727490E-06,9.0742878E-06,9.0758876E-06,9.0763524E-06,9.0763242E-06,9.0761578E-06,9.0762596E-06,9.0766198E-06,9.0757867E-06,9.0760832E-06,9.0783778E-06,9.0781805E-06,9.0765870E-06,9.0774529E-06,9.0793965E-06,9.0792901E-06,9.0791536E-06,9.0804979E-06,9.0814838E-06,9.0822114E-06,9.0830917E-06,9.0835238E-06,9.0839103E-06,9.0843396E-06,9.0845324E-06,9.0846170E-06,9.0837566E-06,9.0826024E-06
9.0825606E-06,9.0821386E-06,9.0822796E-06,9.0829299E-06,9.0839994E-06,9.0855510E-06,9.0844423E-06,9.0842659E-06,9.0865624E-06,9.0896747E-06,9.0917229E-06,9.0930735E-06,9.0936219E-06,9.0928606E-06,9.0958974E-06,9.0986632E-06,9.0986105E-06,9.0997519E-06,9.1004704E-06,9.1024876E-06,9.1050933E-06,9.1056881E-06,9.1056381E-06,9.1069169E-06,9.1095717E-06,9.1112097E-06,9.1123547E-06,9.1133743E-06,9.1148222E-06,9.1153934E-06,9.1159900E-06,9.1185702E-06,9.1198308E-06,9.1196898E-06,9.1198763E-06,9.1187639E-06
9.1170086E-06,9.1166885E-06,9.1164893E-06,9.1174925E-06,9.1189040E-06,9.1190441E-06,9.1198299E-06,9.1207148E-06,9.1221145E-06,9.1237625E-06,9.1244310E-06,9.1240654E-06,9.1238171E-06,9.1242300E-06,9.1238644E-06,9.1237562E-06,9.1249249E-06,9.1255442E-06,9.1263128E-06,9.1272832E-06,9.1270513E-06,9.1269358E-06,9.1270958E-06,9.1289412E-06,9.1302945E-06,9.1295551E-06,9.1281854E-06,9.1280453E-06,9.1292795E-06,9.1299980E-06,9.1302691E-06,9.1302527E-06,9.1308975E-06,9.1306174E-06,9.1302418E-06,9.1290340E-06
9.1269649E-06,9.1266529E-06,9.1252514E-06,9.1242273E-06,9.1242973E-06,9.1232596E-06,9.1227075E-06,9.1230659E-06,9.1231286E-06,9.1229740E-06,9.1234187E-06,9.1254596E-06,9.1264237E-06,9.1255406E-06,9.1254951E-06,9.1253423E-06,9.1241154E-06,9.1247348E-06,9.1258435E-06,9.1266902E-06,9.1274442E-06,9.1274851E-06,9.1280772E-06,9.1283846E-06,9.1289758E-06,9.1290831E-06,9.1299853E-06,9.1318889E-06,9.1323927E-06,9.1322936E-06,9.1325719E-06,9.1332313E-06,9.1338479E-06,9.1352094E-06,9.1361362E-06,9.1345992E-06
9.1338052E-06,9.1331276E-06,9.1323645E-06,9.1324964E-06,9.1322054E-06,9.1315023E-06,9.1317670E-06,9.1326219E-06,9.1335123E-06,9.1365746E-06,9.1378279E-06,9.1371385E-06,9.1366082E-06,9.1361317E-06,9.1377169E-06,9.1390984E-06,9.1390493E-06,9.1389838E-06,9.1392521E-06,9.1394550E-06,9.1414149E-06,9.1427819E-06,9.1418688E-06,9.1421170E-06,9.1427055E-06,9.1415313E-06,9.1412767E-06,9.1421807E-06,9.1421962E-06,9.1418651E-06,9.1421953E-06,9.1428355E-06,9.1424545E-06,9.1421461E-06,9.1417960E-06,9.1396396E-06
9.1379234E-06,9.1369256E-06,9.1375232E-06,9.1388993E-06,9.1378479E-06,9.1367774E-06,9.1355159E-06,9.1345537E-06,9.1361344E-06,9.1378652E-06,9.1388047E-06,9.1385746E-06,9.1376751E-06,9.1379761E-06,9.1371448E-06,9.1364782E-06,9.1370020E-06,9.1367665E-06,9.1362644E-06,9.1345691E-06,9.1330776E-06,9.1334559E-06,9.1342890E-06,9.1334095E-06,9.1325437E-06,9.1331512E-06,9.1337461E-06,9.1332731E-06,9.1324064E-06,9.1323209E-06,9.1329102E-06,9.1330412E-06,9.1313823E-06,9.1307729E-06,9.1301845E-06,9.1296424E-06
9.1295778E-06,9.1289021E-06,9.1288684E-06,9.1292604E-06,9.1291840E-06,9.1295951E-06,9.1292604E-06,9.1304792E-06,9.1324546E-06,9.1325965E-06,9.1327638E-06,9.1325573E-06,9.1317925E-06,9.1301963E-06,9.1302536E-06,9.1313805E-06,9.1313259E-06,9.1308257E-06,9.1307847E-06,9.1309421E-06,9.1308229E-06,9.1303082E-06,9.1304219E-06,9.1299944E-06,9.1295587E-06,9.1300453E-06,9.1312768E-06,9.1317452E-06,9.1308821E-06,9.1310076E-06,9.1324000E-06,9.1330539E-06,9.1314932E-06,9.1306865E-06,9.1303527E-06,9.1295051E-06
9.1287329E-06,9.1284728E-06,9.1292131E-06,9.1292513E-06,9.1287038E-06,9.1293969E-06,9.1303791E-06,9.1310248E-06,9.1325583E-06,9.1350766E-06,9.1368884E-06,9.1386246E-06,9.1389575E-06,9.1398515E-06,9.1408820E-06,9.1409411E-06,9.1410975E-06,9.1405336E-06,9.1411039E-06,9.1425982E-06,9.1430284E-06,9.1420934E-06,9.1426118E-06,9.1429511E-06,9.1426409E-06,9.1428183E-06,9.1439142E-06,9.1448564E-06,9.1444826E-06,9.1440570E-06,9.1430966E-06,9.1430020E-06,9.1438806E-06,9.1435804E-06,9.1422726E-06,9.1407483E-06
9.1400698E-06,9.1398906E-06,9.1386000E-06,9.1362417E-06,9.1358497E-06,9.1360880E-06,9.1354041E-06,9.1360698E-06,9.1368965E-06,9.1367920E-06,9.1366801E-06,9.1366128E-06,9.1353377E-06,9.1348902E-06,9.1361371E-06,9.1357051E-06,9.1331522E-06,9.1319525E-06,9.1321835E-06,9.1308811E-06,9.1294205E-06,9.1281099E-06,9.1274451E-06,9.1278453E-06,9.1281663E-06,9.1268430E-06,9.1257516E-06,9.1248230E-06,9.1241036E-06,9.1237498E-06,9.1221573E-06,9.1216370E-06,9.1200400E-06,9.1180555E-06,9.1160182E-06,9.1132442E-06
9.1107513E-06,9.1071588E-06,9.1041338E-06,9.1031179E-06,9.1024203E-06,9.0999965E-06,9.0976855E-06,9.0970825E-06,9.0957110E-06,9.0958347E-06,9.0955591E-06,9.0931426E-06,9.0921594E-06,9.0906096E-06,9.0887761E-06,9.0873909E-06,9.0858130E-06,9.0855510E-06,9.0850663E-06,9.0831800E-06,9.0821995E-06,9.0814574E-06,9.0799713E-06,9.0790008E-06,9.0782414E-06,9.0776439E-06,9.0779522E-06,9.0778112E-06,9.0757749E-06,9.0745434E-06,9.0753519E-06,9.0758622E-06,9.0758085E-06,9.0756539E-06,9.0736685E-06,9.0712665E-06
9.0716694E-06,9.0709464E-06,9.0684516E-06,9.0683179E-06,9.0684125E-06,9.0676476E-06,9.0681196E-06,9.0697085E-06,9.0708272E-06,9.0712974E-06,9.0717722E-06,9.0724325E-06,9.0727517E-06,9.0725125E-06,9.0728572E-06,9.0733420E-06,9.0728918E-06,9.0725325E-06,9.0728599E-06,9.0724106E-06,9.0715584E-06,9.0722988E-06,9.0733511E-06,9.0731055E-06,9.0732828E-06,9.0730591E-06,9.0716703E-06,9.0707599E-06,9.0710682E-06,9.0720614E-06,9.0711246E-06,9.0708118E-06,9.0705116E-06,9.0702151E-06,9.0698322E-06,9.0676513E-06
9.0671829E-06,9.0668009E-06,9.0651210E-06,9.0645308E-06,9.0647900E-06,9.0638168E-06,9.0634658E-06,9.0646372E-06,9.0661779E-06,9.0673302E-06,9.0676513E-06,9.0671274E-06,9.0662670E-06,9.0669846E-06,9.0686226E-06,9.0688054E-06,9.0680705E-06,9.0690301E-06,9.0695903E-06,9.0696585E-06,9.0704889E-06,9.0709882E-06,9.0720396E-06,9.0716185E-06,9.0714693E-06,9.0721787E-06,9.0734566E-06,9.0745316E-06,9.0748690E-06,9.0756275E-06,9.0752010E-06,9.0750154E-06,9.0757449E-06,9.0762660E-06,9.0760441E-06,9.0756775E-06
9.0759031E-06,9.0776020E-06,9.0785406E-06,9.0778876E-06,9.0780859E-06,9.0796111E-06,9.0810972E-06,9.0835228E-06,9.0862968E-06,9.0875656E-06,9.0883550E-06,9.0905987E-06,9.0924823E-06,9.0933345E-06,9.0932326E-06,9.0933954E-06,9.0946078E-06,9.0958119E-06,9.0970007E-06,9.0976673E-06,9.0999292E-06,9.1011716E-06,9.1005459E-06,9.0998992E-06,9.1011743E-06,9.1018664E-06,9.1025158E-06,9.1031161E-06,9.1024112E-06,9.1032161E-06,9.1036436E-06,9.1043830E-06,9.1046522E-06,9.1030461E-06,9.1028987E-06,9.1028969E-06
9.1029897E-06,9.1028551E-06,9.1015427E-06,9.1010752E-06,9.1007996E-06,9.1010170E-06,9.1027059E-06,9.1046313E-06,9.1053189E-06,9.1059028E-06,9.1067732E-06,9.1084857E-06,9.1103575E-06,9.1104621E-06,9.1112679E-06,9.1124793E-06,9.1128741E-06,9.1147840E-06,9.1174343E-06,9.1187085E-06,9.1187458E-06,9.1201946E-06,9.1220154E-06,9.1244146E-06,9.1258480E-06,9.1259399E-06,9.1267175E-06,9.1269458E-06,9.1270249E-06,9.1278352E-06,9.1307993E-06,9.1325282E-06,9.1316642E-06,9.1313259E-06,9.1299344E-06,9.1290030E-06
9.1295797E-06,9.1288184E-06,9.1286201E-06,9.1291504E-06,9.1293250E-06,9.1300490E-06,9.1312268E-06,9.1330012E-06,9.1345691E-06,9.1339862E-06,9.1340371E-06,9.1362353E-06,9.1356806E-06,9.1337242E-06,9.1343336E-06,9.1356123E-06,9.1363145E-06,9.1351094E-06,9.1341326E-06,9.1350539E-06,9.1353513E-06,9.1371539E-06,9.1376314E-06,9.1362272E-06,9.1369011E-06,9.1383035E-06,9.1389402E-06,9.1378715E-06,9.1367747E-06,9.1369302E-06,9.1372003E-06,9.1371830E-06,9.1366592E-06,9.1359088E-06,9.1340962E-06,9.1330521E-06
9.1339853E-06,9.1331976E-06,9.1312531E-06,9.1304573E-06,9.1301845E-06,9.1292195E-06,9.1294260E-06,9.1305528E-06,9.1314423E-06,9.1314714E-06,9.1311758E-06,9.1315187E-06,9.1322254E-06,9.1332622E-06,9.1330530E-06,9.1322745E-06,9.1320426E-06,9.1332849E-06,9.1341308E-06,9.1341262E-06,9.1341399E-06,9.1339034E-06,9.1334368E-06,9.1325346E-06,9.1333850E-06,9.1344364E-06,9.1349857E-06,9.1355632E-06,9.1353013E-06,9.1341362E-06,9.1343700E-06,9.1360362E-06,9.1365136E-06,9.1355114E-06,9.1330530E-06,9.1320189E-06
9.1331931E-06,9.1325037E-06,9.1308038E-06,9.1305364E-06,9.1311713E-06,9.1318006E-06,9.1329457E-06,9.1354159E-06,9.1370985E-06,9.1379352E-06,9.1380043E-06,9.1377078E-06,9.1382863E-06,9.1392058E-06,9.1394377E-06,9.1382089E-06,9.1382963E-06,9.1393431E-06,9.1405063E-06,9.1423490E-06,9.1418860E-06,9.1419797E-06,9.1447009E-06,9.1475958E-06,9.1479242E-06,9.1470856E-06,9.1476413E-06,9.1479260E-06,9.1484171E-06,9.1490492E-06,9.1499942E-06,9.1505817E-06,9.1501224E-06,9.1493448E-06,9.1489937E-06,9.1491775E-06
9.1499942E-06,9.1501479E-06,9.1492857E-06,9.1492711E-06,9.1503734E-06,9.1518113E-06,9.1530774E-06,9.1551456E-06,9.1565007E-06,9.1573993E-06,9.1585480E-06,9.1593120E-06,9.1601532E-06,9.1604661E-06,9.1607098E-06,9.1622924E-06,9.1640777E-06,9.1649863E-06,9.1662969E-06,9.1671554E-06,9.1673246E-06,9.1679285E-06,9.1677411E-06,9.1686943E-06,9.1709217E-06,9.1730435E-06,9.1748870E-06,9.1762113E-06,9.1777392E-06,9.1771317E-06,9.1765833E-06,9.1772781E-06,9.1781294E-06,9.1782649E-06,9.1773982E-06,9.1783331E-06
9.1792099E-06,9.1773227E-06,9.1772999E-06,9.1788479E-06,9.1790080E-06,9.1805950E-06,9.1816028E-06,9.1824268E-06,9.1831062E-06,9.1833144E-06,9.1833099E-06,9.1827915E-06,9.1836955E-06,9.1826987E-06,9.1825514E-06,9.1827133E-06,9.1821312E-06,9.1837255E-06,9.1834318E-06,9.1829961E-06,9.1842967E-06,9.1854235E-06,9.1863949E-06,9.1858801E-06,9.1852371E-06,9.1852944E-06,9.1850279E-06,9.1864613E-06,9.1852626E-06,9.1842548E-06,9.1861293E-06,9.1846168E-06,9.1816528E-06,9.1811153E-06,9.1807542E-06,9.1806069E-06
9.1826441E-06,9.1825841E-06,9.1814118E-06,9.1817083E-06,9.1832908E-06,9.1856291E-06,9.1861093E-06,9.1871707E-06,9.1882684E-06,9.1882084E-06,9.1895990E-06,9.1903184E-06,9.1904567E-06,9.1916663E-06,9.1940064E-06,9.1957045E-06,9.1963438E-06,9.1978982E-06,9.1988550E-06,9.1993579E-06,9.1998918E-06,9.2002656E-06,9.2024165E-06,9.2037562E-06,9.2029450E-06,9.2031933E-06,9.2051687E-06,9.2078135E-06,9.2093196E-06,9.2098216E-06,9.2111086E-06,9.2117634E-06,9.2112059E-06,9.2114769E-06,9.2116606E-06,9.2125911E-06
9.2149321E-06,9.2151704E-06,9.2147402E-06,9.2148221E-06,9.2155133E-06,9.2170330E-06,9.2188293E-06,9.2199825E-06,9.2200835E-06,9.2216742E-06,9.2239225E-06,9.2261616E-06,9.2272676E-06,9.2283481E-06,9.2293849E-06,9.2289219E-06,9.2297305E-06,9.2313476E-06,9.2331602E-06,9.2336158E-06,9.2346390E-06,9.2367491E-06,9.2379341E-06,9.2396422E-06,9.2406326E-06,9.2408936E-06,9.2415303E-06,9.2419368E-06,9.2423033E-06,9.2428436E-06,9.2434238E-06,9.2436312E-06,9.2416394E-06,9.2407463E-06,9.2417722E-06,9.2417740E-06
9.2429291E-06,9.2427144E-06,9.2412847E-06,9.2402715E-06,9.2378505E-06,9.2375312E-06,9.2372002E-06,9.2377268E-06,9.2390755E-06,9.2396258E-06,9.2403115E-06,9.2403734E-06,9.2407290E-06,9.2403479E-06,9.2390856E-06,9.2378486E-06,9.2366172E-06,9.2356422E-06,9.2334067E-06,9.2320952E-06,9.2326300E-06,9.2321179E-06,9.2304072E-06,9.2294049E-06,9.2283954E-06,9.2256960E-06,9.2247865E-06,9.2248920E-06,9.2232030E-06,9.2222554E-06,9.2214923E-06,9.2202872E-06,9.2188238E-06,9.2170812E-06,9.2180999E-06,9.2204946E-06
9.2233413E-06,9.2228538E-06,9.2209002E-06,9.2212358E-06,9.2209320E-06,9.2207074E-06,9.2216760E-06,9.2237287E-06,9.2264490E-06,9.2274995E-06,9.2283262E-06,9.2307746E-06,9.2316959E-06,9.2315731E-06,9.2310229E-06,9.2314240E-06,9.2333967E-06,9.2339596E-06,9.2345126E-06,9.2377068E-06,9.2402688E-06,9.2421014E-06,9.2449600E-06,9.2471619E-06,9.2490500E-06,9.2500641E-06,9.2520577E-06,9.2556011E-06,9.2571190E-06,9.2585587E-06,9.2616683E-06,9.2637965E-06,9.2647479E-06,9.2654736E-06,9.2672453E-06,9.2697073E-06
9.2728633E-06,9.2743649E-06,9.2749033E-06,9.2768205E-06,9.2782011E-06,9.2797391E-06,9.2821747E-06,9.2852924E-06,9.2890550E-06,9.2922073E-06,9.2949140E-06,9.2981809E-06,9.3008630E-06,9.3031904E-06,9.3050730E-06,9.3064100E-06,9.3090175E-06,9.3108483E-06,9.3118260E-06,9.3134295E-06,9.3158042E-06,9.3204826E-06,9.3242124E-06,9.3258859E-06,9.3272438E-06,9.3284552E-06,9.3295566E-06,9.3301596E-06,9.3304579E-06,9.3313474E-06,9.3326371E-06,9.3336121E-06,9.3340031E-06,9.3344124E-06,9.3357385E-06,9.3380850E-06
9.3404378E-06,9.3399039E-06,9.3394519E-06,9.3388671E-06,9.3374338E-06,9.3398430E-06,9.3423732E-06,9.3442677E-06,9.3458593E-06,9.3462549E-06,9.3477010E-06,9.3488479E-06,9.3499348E-06,9.3495119E-06,9.3489243E-06,9.3487642E-06,9.3481130E-06,9.3485150E-06,9.3481185E-06,9.3482804E-06,9.3487943E-06,9.3479439E-06,9.3463186E-06,9.3446542E-06,9.3440867E-06,9.3440894E-06,9.3424678E-06,9.3408389E-06,9.3408353E-06,9.3400158E-06,9.3380386E-06,9.3360168E-06,9.3337430E-06,9.3318649E-06,9.3305634E-06,9.3291010E-06
9.3270182E-06,9.3249673E-06,9.3214157E-06,9.3173658E-06,9.3176750E-06,9.3170265E-06,9.3137223E-06,9.3135350E-06,9.3132403E-06,9.3114704E-06,9.3107792E-06,9.3099297E-06,9.3098215E-06,9.3102881E-06,9.3100079E-06,9.3079216E-06,9.3058552E-06,9.3049248E-06,9.3046146E-06,9.3040126E-06,9.3023054E-06,9.3007366E-06,9.2980272E-06,9.2965793E-06,9.2965238E-06,9.2948030E-06,9.2923356E-06,9.2894606E-06,9.2868786E-06,9.2846594E-06,9.2810742E-06,9.2776354E-06,9.2746914E-06,9.2724085E-06,9.2708187E-06,9.2696018E-06
9.2678883E-06,9.2641467E-06,9.2600103E-06,9.2556438E-06,9.2525806E-06,9.2506634E-06,9.2491537E-06,9.2475966E-06,9.2449582E-06,9.2419204E-06,9.2390110E-06,9.2379068E-06,9.2367718E-06,9.2357559E-06,9.2342179E-06,9.2298324E-06,9.2263290E-06,9.2248474E-06,9.2237815E-06,9.2213750E-06,9.2172295E-06,9.2159544E-06,9.2174114E-06,9.2162018E-06,9.2137197E-06,9.2119599E-06,9.2093232E-06,9.2069094E-06,9.2039809E-06,9.2005675E-06,9.1972515E-06,9.1932970E-06,9.1917172E-06,9.1913698E-06,9.1904158E-06,9.1900611E-06
9.1897727E-06,9.1863685E-06,9.1814581E-06,9.1789125E-06,9.1770453E-06,9.1741340E-06,9.1733718E-06,9.1734419E-06,9.1729871E-06,9.1724069E-06,9.1711972E-06,9.1693100E-06,9.1676939E-06,9.1671782E-06,9.1653219E-06,9.1637385E-06,9.1628635E-06,9.1626525E-06,9.1609500E-06,9.1583524E-06,9.1573947E-06,9.1583033E-06,9.1579832E-06,9.1564198E-06,9.1551310E-06,9.1538504E-06,9.1537022E-06,9.1535148E-06,9.1525962E-06,9.1517577E-06,9.1498941E-06,9.1496222E-06,9.1504135E-06,9.1491929E-06,9.1486308E-06,9.1492420E-06
9.1506999E-06,9.1506909E-06,9.1490174E-06,9.1479733E-06,9.1490074E-06,9.1498423E-06,9.1494312E-06,9.1494521E-06,9.1508054E-06,9.1508800E-06,9.1511147E-06,9.1526099E-06,9.1528982E-06,9.1541688E-06,9.1547427E-06,9.1546153E-06,9.1547945E-06,9.1556431E-06,9.1567817E-06,9.1589100E-06,9.1599923E-06,9.1592456E-06,9.1602769E-06,9.1609845E-06,9.1607344E-06,9.1601860E-06,9.1604534E-06,9.1625670E-06,9.1641159E-06,9.1642396E-06,9.1648508E-06,9.1655229E-06,9.1663414E-06,9.1676929E-06,9.1692000E-06,9.1692345E-06
9.1681886E-06,9.1668980E-06,9.1673901E-06,9.1684169E-06,9.1681513E-06,9.1694337E-06,9.1712163E-06,9.1715174E-06,9.1725315E-06,9.1760876E-06,9.1784595E-06,9.1782222E-06,9.1789598E-06,9.1816200E-06,9.1845995E-06,9.1860729E-06,9.1863922E-06,9.1871316E-06,9.1875863E-06,9.1878828E-06,9.1906431E-06,9.1920174E-06,9.1923493E-06,9.1938155E-06,9.1943530E-06,9.1958354E-06,9.1969241E-06,9.1973734E-06,9.1977090E-06,9.1990623E-06,9.2003911E-06,9.2008868E-06,9.2005512E-06,9.2010596E-06,9.2029450E-06,9.2033188E-06
9.2040900E-06,9.2051514E-06,9.2042619E-06,9.2039299E-06,9.2041582E-06,9.2037126E-06,9.2038153E-06,9.2051332E-06,9.2063192E-06,9.2069977E-06,9.2085866E-06,9.2108612E-06,9.2110649E-06,9.2100408E-06,9.2109485E-06,9.2123419E-06,9.2132705E-06,9.2147502E-06,9.2170576E-06,9.2184064E-06,9.2197088E-06,9.2220871E-06,9.2231658E-06,9.2242781E-06,9.2249247E-06,9.2260525E-06,9.2288574E-06,9.2307955E-06,9.2324290E-06,9.2340297E-06,9.2346536E-06,9.2357150E-06,9.2374239E-06,9.2389682E-06,9.2396995E-06,9.2398477E-06
