9.1299935E-06,9.1282627E-06,9.1247484E-06,9.1226038E-06,9.1220982E-06,9.1227876E-06,9.1234933E-06,9.1215534E-06,9.1179718E-06,9.1168677E-06,9.1175534E-06,9.1158763E-06,9.1144875E-06,9.1159818E-06,9.1166585E-06,9.1171669E-06,9.1167294E-06,9.1165148E-06,9.1166848E-06,9.1157208E-06,9.1154088E-06,9.1153006E-06,9.1156198E-06,9.1167894E-06,9.1188695E-06,9.1197144E-06,9.1190004E-06,9.1199463E-06,9.1201400E-06,9.1196052E-06,9.1207066E-06,9.1228658E-06,9.1239162E-06,9.1252341E-06,9.1283709E-06,9.1310067E-06
9.1329584E-06,9.1322345E-06,9.1289157E-06,9.1283700E-06,9.1299335E-06,9.1310731E-06,9.1316915E-06,9.1319407E-06,9.1333431E-06,9.1357087E-06,9.1368556E-06,9.1378188E-06,9.1403481E-06,9.1417187E-06,9.1427564E-06,9.1464153E-06,9.1500333E-06,9.1533120E-06,9.1562260E-06,9.1587308E-06,9.1623151E-06,9.1625498E-06,9.1623960E-06,9.1643542E-06,9.1668780E-06,9.1686279E-06,9.1694237E-06,9.1707870E-06,9.1707416E-06,9.1722868E-06,9.1747306E-06,9.1756929E-06,9.1784241E-06,9.1843385E-06,9.1892416E-06,9.1924130E-06
9.1944239E-06,9.1933789E-06,9.1935499E-06,9.1948432E-06,9.1959027E-06,9.1973998E-06,9.1977326E-06,9.1996671E-06,9.2027649E-06,9.2027576E-06,9.2020664E-06,9.2040091E-06,9.2049340E-06,9.2038917E-06,9.2035007E-06,9.2036207E-06,9.2038981E-06,9.2039718E-06,9.2038572E-06,9.2027885E-06,9.2006539E-06,9.1996580E-06,9.1988113E-06,9.1982019E-06,9.1974080E-06,9.1954735E-06,9.1955098E-06,9.1969559E-06,9.1979718E-06,9.1995116E-06,9.2020100E-06,9.2044411E-06,9.2058508E-06,9.2072760E-06,9.2079817E-06,9.2092168E-06
9.2105420E-06,9.2072114E-06,9.2034415E-06,9.2018472E-06,9.2009195E-06,9.2006139E-06,9.1991251E-06,9.1966676E-06,9.1931388E-06,9.1902411E-06,9.1893153E-06,9.1911515E-06,9.1936008E-06,9.1940865E-06,9.1949414E-06,9.1976017E-06,9.2001255E-06,9.2003856E-06,9.1990323E-06,9.1968750E-06,9.1956199E-06,9.1963848E-06,9.1986112E-06,9.2007549E-06,9.2021482E-06,9.2043028E-06,9.2059845E-06,9.2076852E-06,9.2096643E-06,9.2102509E-06,9.2109230E-06,9.2124001E-06,9.2150476E-06,9.2161026E-06,9.2178843E-06,9.2218652E-06
9.2248429E-06,9.2286054E-06,9.2283626E-06,9.2266891E-06,9.2298651E-06,9.2321552E-06,9.2337068E-06,9.2350347E-06,9.2351165E-06,9.2355021E-06,9.2352020E-06,9.2356959E-06,9.2358223E-06,9.2348591E-06,9.2351274E-06,9.2359569E-06,9.2374166E-06,9.2391765E-06,9.2410137E-06,9.2428027E-06,9.2443734E-06,9.2474029E-06,9.2513164E-06,9.2537602E-06,9.2554628E-06,9.2576301E-06,9.2586933E-06,9.2588189E-06,9.2614136E-06,9.2611735E-06,9.2577175E-06,9.2545379E-06,9.2497858E-06,9.2468499E-06,9.2459368E-06,9.2470036E-06
9.2485243E-06,9.2465134E-06,9.2429527E-06,9.2411374E-06,9.2396140E-06,9.2384635E-06,9.2383434E-06,9.2372284E-06,9.2363853E-06,9.2362361E-06,9.2371611E-06,9.2395239E-06,9.2411074E-06,9.2446589E-06,9.2480113E-06,9.2476903E-06,9.2472846E-06,9.2474129E-06,9.2468872E-06,9.2483233E-06,9.2501405E-06,9.2502514E-06,9.2504943E-06,9.2502369E-06,9.2508126E-06,9.2501377E-06,9.2482769E-06,9.2480313E-06,9.2479413E-06,9.2466553E-06,9.2465289E-06,9.2475821E-06,9.2460459E-06,9.2425789E-06,9.2415548E-06,9.2421333E-06
9.2424625E-06,9.2414448E-06,9.2406171E-06,9.2408090E-06,9.2397386E-06,9.2400178E-06,9.2405889E-06,9.2406035E-06,9.2398559E-06,9.2391547E-06,9.2393429E-06,9.2380806E-06,9.2361724E-06,9.2360087E-06,9.2351938E-06,9.2329265E-06,9.2314322E-06,9.2327637E-06,9.2320124E-06,9.2281261E-06,9.2276778E-06,9.2288610E-06,9.2309092E-06,9.2321597E-06,9.2316113E-06,9.2319369E-06,9.2308228E-06,9.2310120E-06,9.2323107E-06,9.2302826E-06,9.2282326E-06,9.2261635E-06,9.2237669E-06,9.2230657E-06,9.2229065E-06,9.2248501E-06
9.2265554E-06,9.2245782E-06,9.2223308E-06,9.2201908E-06,9.2208038E-06,9.2219752E-06,9.2193950E-06,9.2175878E-06,9.2173977E-06,9.2166201E-06,9.2172568E-06,9.2176770E-06,9.2166447E-06,9.2166692E-06,9.2177288E-06,9.2188347E-06,9.2183573E-06,9.2162945E-06,9.2161672E-06,9.2180771E-06,9.2191449E-06,9.2193950E-06,9.2181426E-06,9.2163937E-06,9.2147466E-06,9.2144501E-06,9.2148639E-06,9.2161354E-06,9.2170303E-06,9.2166447E-06,9.2167966E-06,9.2172613E-06,9.2143946E-06,9.2113778E-06,9.2120763E-06,9.2133250E-06
9.2152932E-06,9.2152604E-06,9.2128876E-06,9.2124474E-06,9.2117834E-06,9.2116861E-06,9.2131622E-06,9.2132213E-06,9.2127821E-06,9.2124374E-06,9.2131204E-06,9.2142445E-06,9.2153359E-06,9.2147702E-06,9.2131004E-06,9.2116352E-06,9.2113323E-06,9.2118980E-06,9.2142191E-06,9.2165037E-06,9.2169721E-06,9.2178534E-06,9.2186956E-06,9.2189175E-06,9.2185137E-06,9.2190685E-06,9.2202172E-06,9.2212267E-06,9.2223036E-06,9.2226191E-06,9.2221617E-06,9.2213395E-06,9.2213049E-06,9.2201399E-06,9.2195487E-06,9.2210485E-06
9.2224473E-06,9.2228938E-06,9.2216451E-06,9.2212340E-06,9.2230812E-06,9.2243345E-06,9.2240416E-06,9.2243781E-06,9.2265263E-06,9.2274386E-06,9.2268692E-06,9.2267992E-06,9.2260016E-06,9.2247637E-06,9.2247865E-06,9.2267537E-06,9.2270175E-06,9.2272494E-06,9.2291239E-06,9.2297478E-06,9.2286691E-06,9.2286709E-06,9.2288810E-06,9.2284827E-06,9.2293230E-06,9.2298014E-06,9.2302916E-06,9.2306873E-06,9.2303198E-06,9.2305254E-06,9.2306227E-06,9.2303253E-06,9.2300697E-06,9.2287601E-06,9.2273431E-06,9.2288137E-06
9.2316050E-06,9.2320106E-06,9.2324226E-06,9.2334321E-06,9.2335458E-06,9.2325627E-06,9.2323544E-06,9.2337632E-06,9.2367318E-06,9.2385198E-06,9.2377977E-06,9.2379523E-06,9.2381051E-06,9.2378477E-06,9.2380587E-06,9.2391783E-06,9.2398159E-06,9.2412874E-06,9.2430355E-06,9.2446389E-06,9.2462233E-06,9.2468399E-06,9.2475839E-06,9.2492646E-06,9.2499158E-06,9.2489136E-06,9.2501959E-06,9.2525852E-06,9.2533828E-06,9.2535402E-06,9.2540558E-06,9.2542405E-06,9.2541186E-06,9.2532618E-06,9.2537775E-06,9.2533246E-06
9.2534892E-06,9.2548880E-06,9.2541422E-06,9.2545288E-06,9.2567188E-06,9.2579621E-06,9.2577520E-06,9.2581795E-06,9.2586852E-06,9.2586733E-06,9.2588780E-06,9.2588853E-06,9.2590963E-06,9.2593227E-06,9.2605005E-06,9.2630553E-06,9.2640594E-06,9.2640648E-06,9.2635810E-06,9.2635146E-06,9.2643659E-06,9.2639939E-06,9.2645405E-06,9.2658502E-06,9.2652499E-06,9.2649689E-06,9.2642613E-06,9.2630817E-06,9.2632663E-06,9.2635682E-06,9.2633409E-06,9.2624323E-06,9.2620303E-06,9.2601285E-06,9.2584351E-06,9.2582395E-06
9.2577429E-06,9.2574291E-06,9.2560231E-06,9.2539094E-06,9.2520286E-06,9.2514829E-06,9.2512646E-06,9.2505397E-06,9.2497166E-06,9.2483433E-06,9.2470018E-06,9.2465752E-06,9.2460268E-06,9.2462578E-06,9.2465980E-06,9.2463351E-06,9.2474420E-06,9.2486653E-06,9.2497894E-06,9.2505061E-06,9.2507435E-06,9.2508790E-06,9.2509117E-06,9.2494993E-06,9.2482942E-06,9.2476403E-06,9.2458504E-06,9.2465461E-06,9.2474975E-06,9.2486698E-06,9.2467480E-06,9.2425962E-06,9.2413875E-06,9.2393666E-06,9.2360697E-06,9.2322007E-06
9.2301925E-06,9.2290111E-06,9.2274522E-06,9.2267182E-06,9.2262571E-06,9.2268065E-06,9.2270548E-06,9.2267537E-06,9.2269674E-06,9.2265727E-06,9.2247037E-06,9.2238506E-06,9.2233249E-06,9.2201853E-06,9.2167438E-06,9.2135260E-06,9.2103410E-06,9.2082519E-06,9.2062664E-06,9.2037462E-06,9.2018672E-06,9.2011041E-06,9.1999891E-06,9.1989141E-06,9.1986094E-06,9.1993197E-06,9.1992952E-06,9.1986831E-06,9.1993070E-06,9.1992988E-06,9.1995280E-06,9.2006203E-06,9.2002565E-06,9.1990505E-06,9.1968404E-06,9.1930115E-06
9.1892916E-06,9.1856364E-06,9.1837528E-06,9.1832999E-06,9.1823886E-06,9.1817101E-06,9.1811153E-06,9.1809970E-06,9.1811498E-06,9.1801157E-06,9.1787278E-06,9.1793963E-06,9.1807942E-06,9.1799939E-06,9.1773127E-06,9.1764141E-06,9.1762968E-06,9.1745787E-06,9.1718130E-06,9.1683560E-06,9.1648553E-06,9.1608135E-06,9.1572820E-06,9.1532502E-06,9.1486636E-06,9.1440161E-06,9.1406464E-06,9.1389493E-06,9.1366373E-06,9.1336251E-06,9.1309093E-06,9.1283182E-06,9.1266320E-06,9.1250049E-06,9.1214879E-06,9.1182956E-06
9.1155634E-06,9.1145685E-06,9.1139873E-06,9.1115844E-06,9.1103502E-06,9.1099182E-06,9.1074498E-06,9.1049396E-06,9.1043003E-06,9.1018437E-06,9.0991743E-06,9.0984040E-06,9.0985140E-06,9.0985050E-06,9.0970598E-06,9.0943422E-06,9.0928315E-06,9.0916537E-06,9.0905150E-06,9.0897765E-06,9.0888889E-06,9.0875455E-06,9.0844824E-06,9.0806207E-06,9.0776266E-06,9.0747508E-06,9.0711501E-06,9.0682988E-06,9.0653921E-06,9.0615913E-06,9.0586936E-06,9.0561607E-06,9.0519106E-06,9.0485300E-06,9.0427993E-06,9.0362000E-06
9.0317790E-06,9.0279364E-06,9.0252524E-06,9.0220692E-06,9.0198564E-06,9.0197427E-06,9.0179155E-06,9.0158910E-06,9.0148460E-06,9.0151734E-06,9.0173607E-06,9.0194599E-06,9.0222338E-06,9.0249132E-06,9.0276972E-06,9.0290487E-06,9.0294534E-06,9.0310259E-06,9.0341527E-06,9.0374779E-06,9.0393123E-06,9.0398244E-06,9.0406011E-06,9.0406620E-06,9.0392014E-06,9.0382055E-06,9.0351405E-06,9.0314479E-06,9.0281846E-06,9.0249050E-06,9.0222238E-06,9.0188405E-06,9.0150652E-06,9.0112662E-06,9.0075691E-06,9.0045642E-06
8.9991299E-06,8.9925015E-06,8.9895129E-06,8.9874429E-06,8.9834612E-06,8.9800806E-06,8.9777159E-06,8.9758587E-06,8.9741779E-06,8.9720042E-06,8.9702244E-06,8.9689647E-06,8.9676369E-06,8.9657742E-06,8.9638133E-06,8.9612813E-06,8.9601408E-06,8.9581590E-06,8.9559398E-06,8.9549585E-06,8.9527330E-06,8.9508621E-06,8.9502619E-06,8.9494888E-06,8.9472060E-06,8.9446894E-06,8.9424802E-06,8.9414889E-06,8.9412970E-06,8.9389650E-06,8.9360019E-06,8.9340756E-06,8.9334908E-06,8.9336636E-06,8.9333189E-06,8.9323448E-06
8.9308860E-06,8.9289742E-06,8.9277137E-06,8.9258219E-06,8.9240475E-06,8.9238902E-06,8.9228733E-06,8.9229343E-06,8.9225896E-06,8.9210571E-06,8.9210644E-06,8.9226114E-06,8.9245359E-06,8.9253035E-06,8.9242840E-06,8.9228060E-06,8.9232208E-06,8.9247069E-06,8.9247114E-06,8.9238965E-06,8.9225605E-06,8.9223640E-06,8.9221194E-06,8.9224122E-06,8.9238892E-06,8.9239020E-06,8.9241903E-06,8.9249052E-06,8.9250616E-06,8.9253053E-06,8.9264440E-06,8.9276709E-06,8.9284767E-06,8.9286923E-06,8.9292425E-06,8.9301966E-06
8.9302202E-06,8.9291316E-06,8.9287132E-06,8.9301529E-06,8.9318655E-06,8.9327459E-06,8.9339901E-06,8.9353289E-06,8.9363320E-06,8.9372770E-06,8.9399255E-06,8.9423829E-06,8.9439654E-06,8.9460273E-06,8.9483674E-06,8.9515161E-06,8.9548630E-06,8.9582963E-06,8.9598425E-06,8.9617406E-06,8.9651430E-06,8.9671603E-06,8.9690493E-06,8.9710729E-06,8.9738123E-06,8.9767636E-06,8.9794530E-06,8.9807690E-06,8.9808718E-06,8.9824607E-06,8.9847790E-06,8.9862478E-06,8.9873911E-06,8.9883915E-06,8.9899913E-06,8.9920422E-06
8.9925834E-06,8.9924406E-06,8.9946789E-06,8.9998284E-06,9.0062867E-06,9.0128669E-06,9.0173153E-06,9.0227786E-06,9.0306494E-06,9.0391077E-06,9.0480180E-06,9.0573267E-06,9.0671892E-06,9.0778649E-06,9.0875001E-06,9.0956601E-06,9.1045877E-06,9.1150423E-06,9.1236443E-06,9.1324964E-06,9.1440797E-06,9.1532220E-06,9.1594484E-06,9.1650254E-06,9.1711909E-06,9.1787797E-06,9.1852971E-06,9.1897300E-06,9.1926468E-06,9.1948432E-06,9.1985530E-06,9.2005303E-06,9.2004329E-06,9.1995798E-06,9.1989887E-06,9.1991715E-06
9.1975753E-06,9.1958527E-06,9.1940374E-06,9.1910633E-06,9.1892552E-06,9.1862930E-06,9.1829524E-06,9.1825741E-06,9.1822085E-06,9.1807888E-06,9.1806278E-06,9.1819975E-06,9.1831825E-06,9.1835391E-06,9.1836946E-06,9.1837837E-06,9.1837446E-06,9.1858856E-06,9.1897627E-06,9.1930315E-06,9.1947695E-06,9.1966667E-06,9.1985294E-06,9.2015443E-06,9.2045948E-06,9.2073542E-06,9.2123346E-06,9.2173850E-06,9.2206437E-06,9.2215960E-06,9.2230375E-06,9.2265018E-06,9.2287037E-06,9.2292348E-06,9.2304854E-06,9.2316632E-06
9.2315467E-06,9.2293703E-06,9.2277669E-06,9.2285627E-06,9.2292976E-06,9.2299933E-06,9.2310165E-06,9.2309947E-06,9.2312666E-06,9.2309474E-06,9.2311111E-06,9.2336622E-06,9.2366890E-06,9.2380878E-06,9.2389291E-06,9.2402961E-06,9.2419023E-06,9.2432192E-06,9.2440969E-06,9.2448845E-06,9.2451992E-06,9.2461541E-06,9.2464324E-06,9.2462287E-06,9.2478867E-06,9.2488199E-06,9.2490090E-06,9.2511191E-06,9.2515338E-06,9.2497739E-06,9.2496766E-06,9.2502878E-06,9.2513319E-06,9.2528862E-06,9.2535338E-06,9.2531600E-06
9.2511482E-06,9.2482560E-06,9.2468954E-06,9.2471728E-06,9.2472019E-06,9.2470873E-06,9.2461278E-06,9.2442087E-06,9.2439277E-06,9.2447699E-06,9.2448581E-06,9.2461551E-06,9.2492355E-06,9.2508590E-06,9.2508653E-06,9.2517521E-06,9.2524542E-06,9.2530045E-06,9.2539922E-06,9.2550990E-06,9.2575974E-06,9.2597420E-06,9.2594673E-06,9.2601849E-06,9.2597666E-06,9.2577675E-06,9.2576356E-06,9.2583950E-06,9.2583077E-06,9.2576884E-06,9.2579266E-06,9.2571927E-06,9.2541941E-06,9.2518630E-06,9.2500113E-06,9.2472865E-06
9.2440705E-06,9.2399068E-06,9.2360769E-06,9.2334440E-06,9.2333439E-06,9.2338114E-06,9.2341270E-06,9.2337268E-06,9.2328337E-06,9.2348773E-06,9.2366399E-06,9.2369246E-06,9.2376449E-06,9.2371492E-06,9.2386745E-06,9.2416631E-06,9.2417067E-06,9.2418850E-06,9.2417613E-06,9.2414366E-06,9.2424807E-06,9.2443679E-06,9.2460077E-06,9.2466134E-06,9.2483096E-06,9.2508262E-06,9.2540840E-06,9.2572000E-06,9.2598875E-06,9.2620721E-06,9.2645532E-06,9.2663076E-06,9.2661494E-06,9.2675973E-06,9.2707114E-06,9.2717846E-06
9.2701357E-06,9.2687424E-06,9.2695263E-06,9.2712044E-06,9.2710261E-06,9.2708424E-06,9.2717782E-06,9.2727960E-06,9.2751788E-06,9.2743839E-06,9.2727841E-06,9.2735236E-06,9.2730243E-06,9.2740947E-06,9.2740556E-06,9.2725804E-06,9.2717428E-06,9.2711753E-06,9.2713244E-06,9.2709597E-06,9.2718610E-06,9.2721812E-06,9.2716682E-06,9.2712480E-06,9.2691525E-06,9.2681403E-06,9.2676573E-06,9.2676846E-06,9.2684986E-06,9.2682139E-06,9.2673890E-06,9.2681439E-06,9.2689052E-06,9.2678601E-06,9.2679393E-06,9.2674172E-06
9.2653954E-06,9.2632508E-06,9.2595383E-06,9.2565588E-06,9.2541386E-06,9.2510463E-06,9.2470746E-06,9.2412201E-06,9.2358887E-06,9.2321125E-06,9.2270229E-06,9.2198115E-06,9.2133350E-06,9.2058790E-06,9.1973352E-06,9.1909405E-06,9.1844013E-06,9.1765432E-06,9.1676247E-06,9.1583906E-06,9.1498396E-06,9.1414859E-06,9.1347929E-06,9.1281008E-06,9.1211459E-06,9.1157708E-06,9.1099655E-06,9.1030979E-06,9.0966050E-06,9.0907315E-06,9.0848189E-06,9.0769881E-06,9.0686581E-06,9.0593712E-06,9.0496351E-06,9.0400372E-06
9.0283538E-06,9.0162093E-06,9.0054891E-06,8.9952191E-06,8.9861724E-06,8.9794248E-06,8.9735749E-06,8.9675714E-06,8.9617752E-06,8.9568075E-06,8.9529258E-06,8.9510950E-06,8.9488167E-06,8.9472815E-06,8.9480982E-06,8.9491223E-06,8.9500745E-06,8.9521518E-06,8.9545128E-06,8.9582618E-06,8.9631248E-06,8.9656960E-06,8.9701289E-06,8.9771929E-06,8.9827872E-06,8.9886580E-06,8.9955420E-06,9.0007643E-06,9.0052772E-06,9.0115109E-06,9.0178073E-06,9.0245685E-06,9.0318144E-06,9.0372123E-06,9.0428011E-06,9.0482144E-06
9.0526337E-06,9.0573721E-06,9.0620924E-06,9.0670228E-06,9.0738495E-06,9.0822987E-06,9.0908088E-06,9.0992053E-06,9.1085212E-06,9.1180109E-06,9.1261691E-06,9.1330239E-06,9.1401780E-06,9.1481934E-06,9.1550173E-06,9.1588254E-06,9.1604297E-06,9.1633910E-06,9.1678767E-06,9.1710735E-06,9.1729025E-06,9.1758075E-06,9.1791699E-06,9.1800539E-06,9.1796346E-06,9.1786851E-06,9.1774355E-06,9.1767424E-06,9.1762322E-06,9.1755774E-06,9.1736101E-06,9.1715756E-06,9.1710499E-06,9.1707088E-06,9.1696074E-06,9.1697866E-06
9.1690244E-06,9.1665697E-06,9.1668617E-06,9.1678867E-06,9.1689098E-06,9.1706743E-06,9.1705870E-06,9.1698457E-06,9.1715428E-06,9.1741813E-06,9.1779011E-06,9.1804159E-06,9.1808752E-06,9.1810980E-06,9.1790398E-06,9.1768006E-06,9.1729526E-06,9.1693100E-06,9.1682841E-06,9.1670181E-06,9.1658212E-06,9.1652300E-06,9.1640677E-06,9.1625907E-06,9.1604925E-06,9.1591846E-06,9.1580696E-06,9.1555630E-06,9.1527681E-06,9.1504007E-06,9.1487918E-06,9.1472530E-06,9.1459715E-06,9.1452539E-06,9.1453294E-06,9.1439679E-06
9.1410784E-06,9.1398606E-06,9.1407501E-06,9.1409838E-06,9.1408274E-06,9.1419342E-06,9.1426064E-06,9.1432421E-06,9.1469910E-06,9.1523134E-06,9.1564234E-06,9.1594538E-06,9.1621805E-06,9.1646852E-06,9.1665024E-06,9.1671300E-06,9.1689508E-06,9.1702332E-06,9.1707716E-06,9.1716120E-06,9.1716711E-06,9.1710217E-06,9.1682723E-06,9.1670690E-06,9.1647180E-06,9.1630209E-06,9.1617667E-06,9.1566399E-06,9.1540969E-06,9.1515103E-06,9.1468519E-06,9.1435650E-06,9.1415995E-06,9.1391857E-06,9.1365746E-06,9.1342836E-06
9.1318097E-06,9.1281427E-06,9.1246948E-06,9.1238935E-06,9.1251168E-06,9.1260754E-06,9.1261481E-06,9.1272777E-06,9.1287848E-06,9.1303482E-06,9.1331913E-06,9.1357915E-06,9.1376769E-06,9.1413449E-06,9.1467691E-06,9.1516340E-06,9.1544571E-06,9.1586071E-06,9.1632164E-06,9.1666416E-06,9.1732591E-06,9.1793017E-06,9.1831835E-06,9.1884294E-06,9.1948186E-06,9.2008358E-06,9.2063783E-06,9.2114105E-06,9.2163100E-06,9.2229911E-06,9.2298796E-06,9.2368918E-06,9.2440978E-06,9.2485889E-06,9.2529490E-06,9.2581386E-06
9.2619330E-06,9.2650453E-06,9.2681557E-06,9.2708806E-06,9.2737237E-06,9.2767368E-06,9.2795044E-06,9.2821865E-06,9.2851333E-06,9.2873161E-06,9.2884393E-06,9.2881464E-06,9.2869950E-06,9.2869041E-06,9.2864693E-06,9.2856762E-06,9.2845585E-06,9.2825630E-06,9.2790078E-06,9.2761757E-06,9.2739692E-06,9.2709724E-06,9.2679356E-06,9.2649479E-06,9.2619948E-06,9.2586906E-06,9.2549935E-06,9.2509281E-06,9.2477903E-06,9.2464706E-06,9.2448508E-06,9.2420951E-06,9.2390283E-06,9.2353594E-06,9.2314776E-06,9.2281698E-06
9.2236287E-06,9.2204118E-06,9.2170821E-06,9.2137698E-06,9.2135842E-06,9.2111522E-06,9.2062646E-06,9.2032424E-06,9.2021310E-06,9.2007640E-06,9.1957900E-06,9.1906759E-06,9.1885277E-06,9.1843185E-06,9.1836273E-06,9.1781758E-06,9.1663605E-06,9.1591783E-06,9.1531874E-06,9.1456932E-06,9.1372667E-06,9.1302472E-06,9.1238644E-06,9.1171605E-06,9.1089869E-06,9.1016700E-06,9.0967587E-06,9.0908161E-06,9.0842986E-06,9.0799585E-06,9.0764743E-06,9.0746489E-06,9.0736376E-06,9.0726426E-06,9.0733474E-06,9.0761032E-06
9.0804860E-06,9.0835992E-06,9.0877593E-06,9.0963767E-06,9.1060374E-06,9.1154179E-06,9.1252259E-06,9.1361426E-06,9.1482962E-06,9.1601678E-06,9.1723832E-06,9.1842903E-06,9.1957718E-06,9.2066966E-06,9.2168420E-06,9.2256569E-06,9.2343444E-06,9.2440096E-06,9.2532537E-06,9.2609607E-06,9.2665950E-06,9.2710288E-06,9.2753216E-06,9.2782884E-06,9.2795490E-06,9.2818445E-06,9.2835507E-06,9.2846194E-06,9.2855253E-06,9.2868495E-06,9.2885366E-06,9.2883165E-06,9.2896244E-06,9.2908413E-06,9.2895270E-06,9.2881901E-06
9.2865275E-06,9.2859327E-06,9.2855125E-06,9.2844266E-06,9.2847185E-06,9.2837163E-06,9.2833379E-06,9.2843766E-06,9.2851405E-06,9.2861919E-06,9.2862383E-06,9.2857426E-06,9.2857981E-06,9.2856471E-06,9.2856035E-06,9.2866512E-06,9.2867594E-06,9.2858099E-06,9.2848659E-06,9.2849414E-06,9.2847731E-06,9.2836426E-06,9.2830669E-06,9.2833834E-06,9.2829832E-06,9.2830896E-06,9.2836499E-06,9.2835944E-06,9.2828932E-06,9.2826449E-06,9.2835498E-06,9.2840582E-06,9.2833516E-06,9.2831306E-06,9.2832133E-06,9.2809478E-06
9.2785185E-06,9.2781829E-06,9.2782357E-06,9.2778810E-06,9.2773662E-06,9.2765622E-06,9.2760756E-06,9.2758173E-06,9.2760201E-06,9.2759647E-06,9.2761575E-06,9.2766950E-06,9.2758619E-06,9.2750470E-06,9.2746795E-06,9.2747123E-06,9.2734135E-06,9.2720875E-06,9.2733489E-06,9.2733508E-06,9.2729588E-06,9.2741238E-06,9.2740156E-06,9.2725495E-06,9.2731170E-06,9.2731079E-06,9.2720811E-06,9.2717355E-06,9.2718637E-06,9.2722812E-06,9.2733517E-06,9.2734754E-06,9.2722739E-06,9.2716300E-06,9.2701721E-06,9.2690607E-06
9.2673299E-06,9.2645996E-06,9.2639648E-06,9.2632736E-06,9.2621212E-06,9.2621285E-06,9.2610389E-06,9.2598220E-06,9.2608279E-06,9.2627906E-06,9.2624587E-06,9.2609180E-06,9.2613327E-06,9.2626897E-06,9.2620739E-06,9.2600912E-06,9.2601149E-06,9.2600612E-06,9.2592299E-06,9.2601631E-06,9.2588862E-06,9.2573882E-06,9.2574983E-06,9.2570444E-06,9.2566570E-06,9.2551172E-06,9.2538848E-06,9.2543214E-06,9.2542141E-06,9.2528553E-06,9.2529253E-06,9.2513455E-06,9.2498685E-06,9.2506862E-06,9.2486989E-06,9.2459995E-06
9.2440705E-06,9.2418613E-06,9.2396285E-06,9.2369419E-06,9.2342625E-06,9.2332111E-06,9.2331356E-06,9.2310820E-06,9.2293640E-06,9.2292957E-06,9.2291357E-06,9.2277905E-06,9.2258579E-06,9.2247401E-06,9.2247055E-06,9.2240416E-06,9.2217988E-06,9.2207965E-06,9.2199461E-06,9.2178579E-06,9.2155360E-06,9.2145483E-06,9.2144837E-06,9.2152240E-06,9.2138662E-06,9.2115733E-06,9.2117380E-06,9.2114042E-06,9.2100136E-06,9.2080936E-06,9.2078135E-06,9.2078671E-06,9.2063356E-06,9.2055616E-06,9.2043110E-06,9.2015853E-06
9.1998745E-06,9.1981137E-06,9.1956508E-06,9.1943029E-06,9.1926895E-06,9.1912107E-06,9.1915435E-06,9.1909969E-06,9.1923421E-06,9.1950205E-06,9.1962565E-06,9.1975762E-06,9.1990378E-06,9.2006594E-06,9.2019163E-06,9.2033715E-06,9.2037344E-06,9.2049895E-06,9.2068785E-06,9.2075243E-06,9.2080427E-06,9.2080036E-06,9.2080090E-06,9.2090768E-06,9.2103592E-06,9.2116761E-06,9.2140126E-06,9.2154632E-06,9.2176961E-06,9.2203600E-06,9.2228483E-06,9.2261998E-06,9.2277814E-06,9.2280479E-06,9.2290456E-06,9.2296414E-06
9.2306473E-06,9.2317341E-06,9.2310756E-06,9.2323407E-06,9.2355640E-06,9.2380014E-06,9.2392756E-06,9.2409100E-06,9.2433192E-06,9.2455575E-06,9.2468072E-06,9.2484033E-06,9.2508535E-06,9.2513501E-06,9.2523778E-06,9.2539021E-06,9.2554264E-06,9.2578675E-06,9.2606133E-06,9.2630125E-06,9.2642076E-06,9.2647078E-06,9.2654300E-06,9.2664077E-06,9.2665923E-06,9.2669125E-06,9.2677046E-06,9.2686650E-06,9.2685896E-06,9.2692480E-06,9.2712544E-06,9.2725604E-06,9.2736973E-06,9.2734754E-06,9.2723631E-06,9.2725904E-06
9.2721875E-06,9.2722375E-06,9.2718874E-06,9.2709688E-06,9.2719474E-06,9.2714526E-06,9.2720184E-06,9.2749296E-06,9.2779474E-06,9.2790569E-06,9.2782293E-06,9.2789496E-06,9.2788614E-06,9.2793252E-06,9.2800301E-06,9.2818136E-06,9.2835125E-06,9.2830332E-06,9.2840946E-06,9.2843902E-06,9.2850951E-06,9.2860082E-06,9.2863411E-06,9.2864475E-06,9.2853861E-06,9.2855616E-06,9.2866221E-06,9.2868640E-06,9.2864730E-06,9.2872560E-06,9.2877162E-06,9.2878345E-06,9.2878017E-06,9.2860755E-06,9.2843866E-06,9.2821501E-06
9.2804894E-06,9.2808395E-06,9.2802738E-06,9.2779637E-06,9.2774235E-06,9.2771061E-06,9.2769515E-06,9.2782320E-06,9.2791461E-06,9.2795117E-06,9.2792088E-06,9.2801511E-06,9.2806913E-06,9.2789896E-06,9.2781911E-06,9.2769114E-06,9.2754517E-06,9.2752516E-06,9.2743585E-06,9.2735845E-06,9.2737700E-06,9.2732380E-06,9.2728051E-06,9.2728342E-06,9.2743558E-06,9.2750079E-06,9.2732616E-06,9.2720893E-06,9.2701539E-06,9.2693372E-06,9.2694072E-06,9.2694427E-06,9.2683740E-06,9.2646105E-06,9.2620739E-06,9.2606642E-06
9.2588907E-06,9.2579048E-06,9.2570144E-06,9.2563023E-06,9.2562641E-06,9.2555356E-06,9.2546261E-06,9.2543123E-06,9.2538785E-06,9.2539185E-06,9.2551509E-06,9.2550954E-06,9.2533028E-06,9.2526507E-06,9.2519467E-06,9.2514301E-06,9.2505261E-06,9.2491100E-06,9.2486043E-06,9.2473447E-06,9.2466089E-06,9.2472856E-06,9.2468535E-06,9.2462351E-06,9.2460932E-06,9.2459850E-06,9.2459350E-06,9.2456485E-06,9.2453574E-06,9.2452847E-06,9.2461532E-06,9.2467735E-06,9.2462387E-06,9.2450073E-06,9.2440332E-06,9.2433402E-06
9.2412065E-06,9.2405044E-06,9.2404589E-06,9.2377186E-06,9.2368318E-06,9.2371665E-06,9.2367973E-06,9.2372593E-06,9.2372229E-06,9.2377850E-06,9.2378559E-06,9.2392720E-06,9.2394603E-06,9.2377359E-06,9.2373548E-06,9.2357477E-06,9.2356086E-06,9.2357013E-06,9.2346936E-06,9.2336768E-06,9.2329674E-06,9.2338550E-06,9.2325627E-06,9.2318896E-06,9.2333275E-06,9.2323571E-06,9.2307373E-06,9.2300761E-06,9.2286991E-06,9.2288192E-06,9.2303517E-06,9.2300870E-06,9.2287582E-06,9.2283717E-06,9.2277305E-06,9.2247537E-06
9.2225027E-06,9.2206392E-06,9.2186992E-06,9.2166874E-06,9.2151095E-06,9.2144155E-06,9.2129558E-06,9.2123591E-06,9.2132986E-06,9.2134160E-06,9.2123028E-06,9.2112323E-06,9.2094533E-06,9.2069922E-06,9.2053515E-06,9.2045357E-06,9.2030659E-06,9.1993106E-06,9.1958363E-06,9.1928405E-06,9.1910324E-06,9.1880065E-06,9.1837246E-06,9.1813999E-06,9.1778902E-06,9.1742486E-06,9.1708662E-06,9.1687762E-06,9.1669108E-06,9.1630245E-06,9.1605816E-06,9.1592974E-06,9.1568381E-06,9.1545735E-06,9.1508655E-06,9.1461779E-06
9.1426591E-06,9.1397424E-06,9.1367247E-06,9.1337215E-06,9.1306119E-06,9.1284492E-06,9.1271377E-06,9.1254251E-06,9.1248976E-06,9.1255879E-06,9.1262000E-06,9.1247530E-06,9.1233942E-06,9.1223083E-06,9.1187057E-06,9.1166557E-06,9.1161455E-06,9.1138172E-06,9.1113634E-06,9.1096062E-06,9.1063939E-06,9.1052479E-06,9.1052116E-06,9.1030824E-06,9.1008869E-06,9.0986714E-06,9.0973026E-06,9.0959811E-06,9.0942731E-06,9.0921158E-06,9.0899866E-06,9.0867988E-06,9.0841704E-06,9.0818958E-06,9.0763415E-06,9.0719359E-06
9.0711983E-06,9.0693038E-06,9.0652147E-06,9.0621543E-06,9.0602271E-06,9.0579888E-06,9.0547955E-06,9.0528802E-06,9.0530948E-06,9.0515414E-06,9.0476014E-06,9.0443646E-06,9.0427584E-06,9.0407184E-06,9.0378953E-06,9.0357917E-06,9.0336298E-06,9.0303320E-06,9.0277808E-06,9.0246804E-06,9.0223775E-06,9.0207004E-06,9.0175099E-06,9.0151780E-06,9.0126350E-06,9.0101994E-06,9.0067215E-06,9.0027524E-06,9.0003614E-06,8.9986261E-06,8.9977402E-06,8.9945861E-06,8.9917130E-06,8.9900996E-06,8.9863142E-06,8.9824425E-06
8.9814521E-06,8.9808200E-06,8.9774712E-06,8.9728855E-06,8.9711402E-06,8.9710693E-06,8.9698769E-06,8.9702526E-06,8.9699397E-06,8.9687364E-06,8.9680952E-06,8.9684254E-06,8.9685127E-06,8.9674404E-06,8.9662835E-06,8.9667401E-06,8.9658533E-06,8.9655195E-06,8.9651048E-06,8.9650348E-06,8.9667374E-06,8.9645082E-06,8.9632085E-06,8.9640016E-06,8.9641035E-06,8.9647656E-06,8.9654322E-06,8.9654559E-06,8.9649775E-06,8.9656587E-06,8.9670957E-06,8.9674049E-06,8.9681725E-06,8.9677351E-06,8.9654441E-06,8.9659725E-06
8.9686864E-06,8.9696505E-06,8.9706773E-06,8.9720106E-06,8.9733248E-06,8.9730111E-06,8.9746609E-06,8.9801651E-06,8.9832729E-06,8.9845189E-06,8.9862051E-06,8.9871282E-06,8.9884406E-06,8.9899122E-06,8.9913619E-06,8.9925979E-06,8.9942605E-06,8.9962659E-06,8.9970963E-06,8.9986224E-06,9.0006288E-06,9.0022304E-06,9.0035801E-06,9.0046888E-06,9.0049170E-06,9.0057565E-06,9.0083085E-06,9.0107660E-06,9.0120320E-06,9.0129624E-06,9.0125122E-06,9.0119374E-06,9.0118965E-06,9.0117837E-06,9.0142330E-06,9.0162757E-06
9.0167823E-06,9.0179501E-06,9.0178855E-06,9.0189424E-06,9.0200210E-06,9.0221847E-06,9.0248650E-06,9.0259809E-06,9.0264884E-06,9.0269059E-06,9.0283302E-06,9.0301746E-06,9.0324738E-06,9.0327730E-06,9.0323738E-06,9.0338353E-06,9.0337544E-06,9.0338226E-06,9.0356170E-06,9.0371595E-06,9.0378180E-06,9.0369904E-06,9.0359308E-06,9.0361327E-06,9.0388266E-06,9.0398080E-06,9.0408521E-06,9.0423409E-06,9.0419307E-06,9.0434032E-06,9.0445364E-06,9.0452631E-06,9.0471049E-06,9.0477133E-06,9.0455578E-06,9.0446156E-06
9.0479652E-06,9.0486710E-06,9.0456569E-06,9.0442263E-06,9.0446465E-06,9.0461308E-06,9.0481344E-06,9.0503945E-06,9.0519006E-06,9.0520243E-06,9.0543535E-06,9.0558942E-06,9.0557805E-06,9.0581043E-06,9.0608601E-06,9.0626017E-06,9.0632957E-06,9.0629837E-06,9.0627191E-06,9.0649410E-06,9.0678159E-06,9.0692520E-06,9.0714575E-06,9.0752846E-06,9.0779104E-06,9.0796238E-06,9.0828598E-06,9.0859376E-06,9.0877775E-06,9.0895546E-06,9.0918820E-06,9.0930380E-06,9.0943622E-06,9.0958065E-06,9.0980475E-06,9.1021648E-06
9.1060410E-06,9.1088505E-06,9.1112788E-06,9.1142929E-06,9.1175489E-06,9.1215579E-06,9.1262773E-06,9.1306892E-06,9.1354050E-06,9.1380152E-06,9.1416286E-06,9.1478096E-06,9.1519541E-06,9.1568108E-06,9.1612019E-06,9.1644888E-06,9.1676829E-06,9.1707025E-06,9.1747852E-06,9.1796464E-06,9.1836855E-06,9.1872835E-06,9.1923403E-06,9.1978709E-06,9.2023283E-06,9.2054006E-06,9.2090104E-06,9.2125074E-06,9.2163127E-06,9.2212331E-06,9.2255723E-06,9.2302007E-06,9.2328464E-06,9.2342161E-06,9.2379269E-06,9.2403534E-06
9.2443779E-06,9.2511682E-06,9.2544233E-06,9.2546843E-06,9.2567625E-06,9.2605169E-06,9.2643140E-06,9.2684886E-06,9.2729715E-06,9.2771506E-06,9.2796208E-06,9.2823784E-06,9.2859473E-06,9.2883001E-06,9.2893561E-06,9.2924874E-06,9.2957043E-06,9.2969403E-06,9.2990849E-06,9.3015697E-06,9.3023955E-06,9.3049184E-06,9.3084291E-06,9.3092531E-06,9.3102280E-06,9.3109502E-06,9.3116141E-06,9.3122771E-06,9.3122662E-06,9.3115950E-06,9.3108219E-06,9.3105282E-06,9.3096614E-06,9.3072194E-06,9.3045855E-06,9.3036306E-06
9.3026147E-06,9.2992559E-06,9.2960854E-06,9.2931286E-06,9.2905839E-06,9.2893424E-06,9.2875789E-06,9.2849432E-06,9.2818427E-06,9.2787995E-06,9.2763230E-06,9.2744076E-06,9.2706878E-06,9.2659775E-06,9.2626160E-06,9.2602468E-06,9.2562695E-06,9.2512564E-06,9.2478158E-06,9.2440850E-06,9.2395139E-06,9.2356204E-06,9.2324217E-06,9.2288046E-06,9.2251275E-06,9.2230466E-06,9.2191822E-06,9.2142800E-06,9.2097407E-06,9.2053206E-06,9.2025257E-06,9.1982156E-06,9.1932188E-06,9.1887814E-06,9.1846459E-06,9.1827169E-06
9.1805905E-06,9.1763904E-06,9.1710353E-06,9.1668808E-06,9.1646061E-06,9.1615730E-06,9.1584852E-06,9.1574329E-06,9.1562606E-06,9.1522706E-06,9.1492193E-06,9.1471793E-06,9.1454385E-06,9.1439751E-06,9.1422862E-06,9.1419242E-06,9.1403936E-06,9.1390111E-06,9.1372340E-06,9.1365573E-06,9.1379161E-06,9.1395877E-06,9.1406036E-06,9.1418651E-06,9.1448655E-06,9.1480861E-06,9.1513411E-06,9.1537959E-06,9.1551847E-06,9.1572429E-06,9.1589700E-06,9.1584243E-06,9.1587062E-06,9.1613474E-06,9.1644661E-06,9.1664760E-06
9.1695556E-06,9.1718293E-06,9.1710353E-06,9.1727270E-06,9.1760239E-06,9.1777856E-06,9.1797528E-06,9.1835691E-06,9.1879956E-06,9.1911788E-06,9.1939746E-06,9.1957572E-06,9.1993643E-06,9.2036225E-06,9.2063601E-06,9.2095124E-06,9.2116916E-06,9.2134496E-06,9.2153177E-06,9.2176542E-06,9.2200262E-06,9.2223263E-06,9.2252931E-06,9.2290729E-06,9.2312457E-06,9.2326964E-06,9.2358396E-06,9.2390910E-06,9.2406835E-06,9.2431028E-06,9.2478722E-06,9.2505961E-06,9.2520859E-06,9.2524679E-06,9.2536329E-06,9.2554965E-06
9.2558539E-06,9.2550772E-06,9.2538612E-06,9.2535074E-06,9.2537175E-06,9.2562614E-06,9.2594819E-06,9.2628188E-06,9.2656292E-06,9.2693426E-06,9.2724131E-06,9.2730625E-06,9.2756609E-06,9.2776218E-06,9.2784594E-06,9.2796963E-06,9.2802875E-06,9.2806276E-06,9.2803593E-06,9.2792861E-06,9.2781393E-06,9.2789833E-06,9.2795981E-06,9.2768614E-06,9.2741193E-06,9.2716082E-06,9.2696346E-06,9.2672362E-06,9.2640821E-06,9.2618684E-06,9.2606997E-06,9.2592991E-06,9.2588534E-06,9.2596301E-06,9.2589880E-06,9.2591772E-06
9.2607115E-06,9.2604314E-06,9.2588916E-06,9.2577184E-06,9.2562268E-06,9.2556975E-06,9.2553209E-06,9.2532618E-06,9.2524415E-06,9.2545088E-06,9.2579939E-06,9.2589253E-06,9.2590862E-06,9.2578093E-06,9.2508362E-06,9.2409837E-06,9.2323407E-06,9.2276659E-06,9.2270575E-06,9.2277096E-06,9.2310693E-06,9.2385126E-06,9.2444188E-06,9.2493001E-06,9.2537648E-06,9.2565851E-06,9.2579376E-06,9.2588280E-06,9.2596647E-06,9.2603423E-06,9.2602859E-06,9.2602841E-06,9.2629616E-06,9.2687460E-06,9.2739028E-06,9.2775845E-06
9.2801129E-06,9.2811088E-06,9.2815544E-06,9.2819164E-06,9.2817390E-06,9.2796044E-06,9.2788086E-06,9.2782720E-06,9.2774735E-06,9.2779328E-06,9.2772607E-06,9.2765204E-06,9.2742366E-06,9.2706596E-06,9.2692207E-06,9.2679147E-06,9.2645723E-06,9.2611308E-06,9.2566179E-06,9.2520622E-06,9.2477921E-06,9.2420341E-06,9.2364098E-06,9.2284781E-06,9.2192567E-06,9.2127539E-06,9.2088458E-06,9.2084474E-06,9.2096634E-06,9.2102855E-06,9.2107457E-06,9.2088030E-06,9.2066239E-06,9.2054470E-06,9.2040518E-06,9.2030295E-06
9.2020755E-06,9.2007058E-06,9.1987877E-06,9.1966194E-06,9.1931306E-06,9.1904940E-06,9.1895145E-06,9.1871079E-06,9.1855518E-06,9.1854936E-06,9.1859147E-06,9.1864576E-06,9.1884904E-06,9.1888187E-06,9.1879356E-06,9.1899701E-06,9.1902793E-06,9.1890915E-06,9.1883776E-06,9.1872880E-06,9.1866623E-06,9.1862721E-06,9.1855045E-06,9.1847623E-06,9.1855463E-06,9.1854144E-06,9.1840966E-06,9.1843985E-06,9.1856800E-06,9.1865149E-06,9.1858437E-06,9.1863276E-06,9.1864531E-06,9.1873944E-06,9.1892361E-06,9.1896500E-06
9.1907550E-06,9.1909433E-06,9.1897673E-06,9.1906413E-06,9.1921829E-06,9.1926304E-06,9.1931170E-06,9.1940219E-06,9.1952752E-06,9.1968741E-06,9.1984803E-06,9.2000591E-06,9.2019709E-06,9.2017972E-06,9.2017599E-06,9.2027749E-06,9.2034288E-06,9.2038836E-06,9.2042283E-06,9.2052924E-06,9.2071968E-06,9.2092796E-06,9.2108039E-06,9.2125001E-06,9.2146711E-06,9.2156160E-06,9.2146311E-06,9.2132450E-06,9.2136370E-06,9.2140463E-06,9.2132959E-06,9.2133196E-06,9.2126102E-06,9.2121181E-06,9.2118980E-06,9.2116643E-06
9.2119480E-06,9.2109676E-06,9.2103319E-06,9.2114278E-06,9.2126665E-06,9.2132350E-06,9.2129294E-06,9.2131904E-06,9.2140690E-06,9.2150158E-06,9.2160562E-06,9.2166392E-06,9.2175433E-06,9.2184946E-06,9.2170994E-06,9.2151022E-06,9.2130840E-06,9.2117661E-06,9.2120226E-06,9.2110067E-06,9.2093714E-06,9.2069722E-06,9.2048886E-06,9.2030541E-06,9.1997108E-06,9.1980146E-06,9.1965967E-06,9.1939373E-06,9.1910206E-06,9.1876836E-06,9.1857291E-06,9.1838465E-06,9.1809643E-06,9.1779020E-06,9.1755710E-06,9.1735746E-06
9.1696493E-06,9.1635848E-06,9.1596648E-06,9.1571119E-06,9.1547708E-06,9.1509919E-06,9.1463571E-06,9.1444817E-06,9.1433021E-06,9.1410066E-06,9.1379998E-06,9.1358443E-06,9.1338970E-06,9.1307647E-06,9.1260526E-06,9.1229567E-06,9.1216752E-06,9.1195716E-06,9.1163774E-06,9.1131142E-06,9.1105649E-06,9.1067031E-06,9.1040438E-06,9.1011125E-06,9.0967305E-06,9.0947533E-06,9.0923349E-06,9.0884196E-06,9.0851381E-06,9.0817466E-06,9.0775275E-06,9.0733329E-06,9.0688909E-06,9.0648236E-06,9.0575149E-06,9.0503781E-06
