4.9960512e-08
4.9925905E-08
5.3103975E-08
6.3062231E-08
6.9854671E-08
6.9847125E-08
6.9642041E-08
6.9535801E-08
6.9527182E-08
6.9511152E-08
6.9398581E-08
6.9299745E-08
6.9420935E-08
6.9513582E-08
6.9334348E-08
6.9100850E-08
6.9057627E-08
6.9263926E-08
6.9343102E-08
6.9245473E-08
6.9208312E-08
6.9056412E-08
6.8993394E-08
6.9013055E-08
6.8635067E-08
6.7731783E-08
6.6718478E-08
6.5747322E-08
6.3430385E-08
6.0372159E-08
5.8157838E-08
5.5555567E-08
5.2588774E-08
5.0344827E-08
5.6335239E-08
6.6240304E-08
6.9368959E-08
6.9607438E-08
6.9673014E-08
6.9655641E-08
6.9727285E-08
6.9774281E-08
6.9574043E-08
6.9502406E-08
6.9627234E-08
6.9623596E-08
6.9642041E-08
6.9844702E-08
7.0095574E-08
7.0201821E-08
7.0503319E-08
7.0976640E-08
7.1296590E-08
7.1432595E-08
7.1851382E-08
7.2406174E-08
7.2586616E-08
7.2495183E-08
7.2213481E-08
7.1417652E-08
6.8842574E-08
6.4663588E-08
6.1669596E-08
5.9651740E-08
5.4564616E-08
5.0000100E-08
5.8529764E-08
6.8790733E-08
6.9932504E-08
7.0004141E-08
6.9912709E-08
6.9890490E-08
6.9920112E-08
6.9892913E-08
6.9837299E-08
6.9792861E-08
6.9808884E-08
6.9663052E-08
6.9803903E-08
7.0172192E-08
7.0306854E-08
7.0499681E-08
7.0660192E-08
7.0872822E-08
7.1180516E-08
7.1386815E-08
7.1467206E-08
7.1552442E-08
7.1841555E-08
7.1958979E-08
7.1390581E-08
6.9147845E-08
6.5957387E-08
6.3484791E-08
6.2829947E-08
6.2943599E-08
5.7636441E-08
5.0937860E-08
5.3248598E-08
6.3631838E-08
6.9967108E-08
7.0005349E-08
7.0090593E-08
7.0147415E-08
7.0274666E-08
7.0299443E-08
7.0194410E-08
7.0238848E-08
7.0325434E-08
7.0336476E-08
7.0326649E-08
7.0494700E-08
7.0668946E-08
7.0705980E-08
7.0948097E-08
7.1224953E-08
7.1368227E-08
7.1486866E-08
7.1673497E-08
7.1779745E-08
7.1458452E-08
7.0039960E-08
6.7667550E-08
6.5926415E-08
6.5697897E-08
6.5445818E-08
6.5093552E-08
6.5508843E-08
5.8418539E-08
5.0294194E-08
5.6924637E-08
6.7272055E-08
7.0169634E-08
7.0205587E-08
7.0390882E-08
7.0535499E-08
7.0568760E-08
7.0560148E-08
7.0539137E-08
7.0525537E-08
7.0556510E-08
7.0589770E-08
7.0461304E-08
7.0556510E-08
7.0917260E-08
7.1189135E-08
7.1331201E-08
7.1456029E-08
7.1678485E-08
7.1824182E-08
7.1501674E-08
7.0547756E-08
6.8863585E-08
6.6908747E-08
6.6093257E-08
6.6580050E-08
6.8057922E-08
6.8506466E-08
6.6851925E-08
6.5849797E-08
5.9372457E-08
5.1036700E-08
5.5544390E-08
6.6145098E-08
7.0439086E-08
6.8371811E-08
6.7939290E-08
7.0169634E-08
7.0819631E-08
7.0921026E-08
7.1011115E-08
7.0908641E-08
7.0825827E-08
7.0966678E-08
7.1082887E-08
7.1174320E-08
7.1291609E-08
7.1427614E-08
7.1294167E-08
7.1313963E-08
7.1621656E-08
7.1432595E-08
7.0394648E-08
6.8250756E-08
6.6352747E-08
6.5849797E-08
6.6814891E-08
6.8801775E-08
6.9931154E-08
6.9419585E-08
6.7940633E-08
6.6777858E-08
6.0944323E-08
5.2838296E-08
6.0149709E-08
7.0311835E-08
7.0605928E-08
7.0487296E-08
6.9408543E-08
6.8095090E-08
6.8267987E-08
6.9847125E-08
7.1075483E-08
7.1203949E-08
7.1169339E-08
7.1134728E-08
7.0998858E-08
7.0841850E-08
7.0715807E-08
7.0624374E-08
7.0504534E-08
7.0036187E-08
6.9424573E-08
6.8559658E-08
6.7289427E-08
6.6451584E-08
6.7197995E-08
6.9163875E-08
6.9969531E-08
6.9643257E-08
6.9880521E-08
6.9026655E-08
6.6958165E-08
6.6042624E-08
6.0059485E-08
5.1846133E-08
5.9465236E-08
6.9765662E-08
7.0025145E-08
6.9920112E-08
6.9695233E-08
6.9296107E-08
6.9061265E-08
6.8942626E-08
6.8985990E-08
6.8938995E-08
6.8672101E-08
6.8244560E-08
6.7702018E-08
6.7169580E-08
6.6908747E-08
6.6740697E-08
6.6504775E-08
6.6434346E-08
6.6265081E-08
6.6098238E-08
6.6263738E-08
6.7802205E-08
6.9973169E-08
7.1156947E-08
7.1507870E-08
7.0402052E-08
6.9501191E-08
6.9249111E-08
6.7940633E-08
6.5365427E-08
5.8969693E-08
5.3312831E-08
5.6782575E-08
6.4331253E-08
6.7336288E-08
6.6872929E-08
6.6423169E-08
6.6237881E-08
6.5957387E-08
6.5743549E-08
6.5726312E-08
6.5729949E-08
6.5723754E-08
6.5771964E-08
6.5847374E-08
6.5920219E-08
6.6024043E-08
6.6545574E-08
6.7178199E-08
6.7724372E-08
6.8249541E-08
6.8636282E-08
6.9650660E-08
7.0900022E-08
7.1495613E-08
7.1522685E-08
7.1402837E-08
7.1068079E-08
7.0398286E-08
6.9301088E-08
6.7477139E-08
6.5954829E-08
6.1163007E-08
5.4070284E-08
5.0727795E-08
5.7247146E-08
6.4609189E-08
6.4898437E-08
6.5121967E-08
6.5489047E-08
6.5978391E-08
6.6554193E-08
6.7113966E-08
6.7700810E-08
6.8230960E-08
6.8589287E-08
6.8942626E-08
6.9569197E-08
7.0196833E-08
7.0474904E-08
7.0705980E-08
7.1102683E-08
7.1407818E-08
7.1520262E-08
7.1642660E-08
7.1977425E-08
7.2287676E-08
7.2182644E-08
7.1755103E-08
7.1095144E-08
7.0634343E-08
6.9799057E-08
6.7648962E-08
6.5659521E-08
6.1946452E-08
5.5551794E-08
5.7806918E-08
6.5291367E-08
6.7420316E-08
6.7725587E-08
6.8259375E-08
6.8793156E-08
6.9135460E-08
6.9548186E-08
7.0099212E-08
7.0581152E-08
7.0771421E-08
7.0912279E-08
7.0898679E-08
7.0803608E-08
7.0928436E-08
7.1160720E-08
7.1208930E-08
7.1496828E-08
7.1931773E-08
7.1975002E-08
7.1924369E-08
7.1829163E-08
7.2005840E-08
7.2057816E-08
7.1237345E-08
7.0495915E-08
6.9999160E-08
6.8740100E-08
6.7395675E-08
6.6394755E-08
6.3499606E-08
5.7779719E-08
6.0740454E-08
6.8250756E-08
6.9519771E-08
6.9697656E-08
6.9918904E-08
7.0119000E-08
7.0305639E-08
7.0510723E-08
7.0744221E-08
7.0990112E-08
7.1269390E-08
7.1517832E-08
7.1464648E-08
7.1257134E-08
7.1259564E-08
7.1440006E-08
7.1610479E-08
7.1738945E-08
7.1915615E-08
7.2009605E-08
7.1813140E-08
7.1934196E-08
7.2119626E-08
7.1722923E-08
7.1006269E-08
7.0282077E-08
6.9579023E-08
6.8496639E-08
6.6992776E-08
6.5747322E-08
6.3834499E-08
5.6959244E-08
5.5508572E-08
6.3040012E-08
6.7652600E-08
6.9582796E-08
7.0446490E-08
7.0539137E-08
7.0686184E-08
7.0745571E-08
7.0778832E-08
7.0835654E-08
7.1077906E-08
7.1470836E-08
7.1772341E-08
7.1931773E-08
7.1869970E-08
7.1834144E-08
7.1759949E-08
7.1698139E-08
7.1883569E-08
7.2055258E-08
7.2081242E-08
7.1801964E-08
7.1459660E-08
7.0985259E-08
7.0493492E-08
6.9905298E-08
6.9146637E-08
6.8291556E-08
6.7190591E-08
6.5864604E-08
6.2707542E-08
5.5139203E-08
5.3714384E-08
6.3225301E-08
6.8297616E-08
6.7779986E-08
6.9354144E-08
7.0937055E-08
7.1248387E-08
7.1318809E-08
7.1259564E-08
7.1182939E-08
7.1189135E-08
7.1394219E-08
7.1622871E-08
7.1856363E-08
7.2073838E-08
7.1906996E-08
7.1932988E-08
7.2188705E-08
7.1788364E-08
7.1596880E-08
7.1856363E-08
7.1827955E-08
7.1400414E-08
7.0430467E-08
6.9550609E-08
6.9184878E-08
6.8638705E-08
6.7622977E-08
6.6346551E-08
6.5212184E-08
6.3702267E-08
5.9236587E-08
6.2331978E-08
6.9534586E-08
7.0198183E-08
7.0348868E-08
7.0624374E-08
7.0984051E-08
7.1286763E-08
7.1355977E-08
6.9597604E-08
6.8562080E-08
7.0095574E-08
7.0996300E-08
7.1318809E-08
7.1547461E-08
7.1244749E-08
7.1027273E-08
7.1216334E-08
7.1449833E-08
7.1674712E-08
7.1753753E-08
7.1575876E-08
7.1210138E-08
6.9622246E-08
6.8737542E-08
6.8824129E-08
6.8459606E-08
6.8155551E-08
6.7233813E-08
6.6344128E-08
6.5030534E-08
6.3101687E-08
5.6231418E-08
5.6146177E-08
6.5830001E-08
7.0002926E-08
7.0388452E-08
7.0379706E-08
7.0645385E-08
7.1049492E-08
7.1077906E-08
6.8102494E-08
6.6188463E-08
6.8856174E-08
7.0436663E-08
7.0814650E-08
7.1148335E-08
7.1187920E-08
7.1043296E-08
7.0898679E-08
7.1291609E-08
7.1503024E-08
7.1396642E-08
7.1132305E-08
7.0315473E-08
6.8790733E-08
6.7180622E-08
6.6335510E-08
6.6677671E-08
6.7014994E-08
6.6472587E-08
6.5421041E-08
6.4178010E-08
6.3083242E-08
5.8505123E-08
5.6687369E-08
6.4134788E-08
6.9482610E-08
6.9750847E-08
6.9238070E-08
6.8931584E-08
6.9370167E-08
6.9576600E-08
7.0490927E-08
6.7640350E-08
6.6530625E-08
7.0177180E-08
7.1182939E-08
7.1417652E-08
7.1596880E-08
7.1264545E-08
7.0922241E-08
7.0429124E-08
7.0273458E-08
7.0473696E-08
7.0120215E-08
6.9389962E-08
6.8693105E-08
6.7563725E-08
6.5994421E-08
6.4485704E-08
6.4067997E-08
6.4761217E-08
6.4778455E-08
6.4040798E-08
6.2969455E-08
5.7588235E-08
5.4858710E-08
6.2672932E-08
6.8946399E-08
6.9623596E-08
7.0017741E-08
6.9786665E-08
6.9293549E-08
6.8169150E-08
6.8926603E-08
7.0273458E-08
6.8895766E-08
6.8788175E-08
7.0342672E-08
7.0923456E-08
7.0331630E-08
7.0330280E-08
7.0741798E-08
7.0367449E-08
6.9136668E-08
6.8408845E-08
6.8746161E-08
6.8602887E-08
6.8012277E-08
6.7721814E-08
6.7362279E-08
6.5805359E-08
6.3946935E-08
6.3443991E-08
6.3591038E-08
6.2937403E-08
6.1683195E-08
